static/data/demographic data in a grid format/gpw_v4_basic_demographic_characteristics_rev11_atotpopmt_2010_dens_1_deg.asc
ncols         360
nrows         180
xllcorner     -180
yllcorner     -90
cellsize      1
NODATA_value  -9999
[rows 32 to 63 of 180, columns 142 to 212 of 360]
-9999 -9999 -9999 -9999 -9999 -9999 -9999 -9999 -9999 -9999 -9999 -9999 -9999 -9999 -9999 -9999 -9999 -9999 -9999 -9999 -9999 -9999 -9999 -9999 -9999 -9999 -9999 -9999 -9999 1.254695 3.23114 2.360315 1.288412 10.04146 11.18993 48.03188 44.55074 -9999 -9999 -9999 -9999 -9999 -9999 -9999 9.318435 24.41394 13.72348 62.56194 36.55797 241.2998 51.92085 10.54 19.03906 6.248586 9.123079 5.008769 9.626083 2.359699 -9999 11.57197 6.052738 26.70994 27.18452 8.313271 5.900229 5.656199 19.01158 3.158191 2.502627 3.296915 2.338809
-9999 -9999 -9999 -9999 -9999 -9999 -9999 -9999 -9999 -9999 -9999 -9999 -9999 -9999 -9999 -9999 -9999 -9999 -9999 -9999 -9999 -9999 -9999 -9999 -9999 -9999 -9999 -9999 -9999 -9999 7.291518 1.799089 3.94514 4.086489 54.846 55.29203 -9999 -9999 -9999 -9999 -9999 -9999 -9999 -9999 -9999 -9999 30.37744 37.0183 80.39424 28.90461 79.47061 13.72902 21.5778 12.23142 19.71843 -9999 3.428297 -9999 58.59618 12.69591 11.72456 21.96653 41.7855 8.833021 5.855624 7.260181 3.747254 3.196565 9.711088 2.448148 3.040253
-9999 -9999 -9999 -9999 -9999 -9999 -9999 -9999 -9999 -9999 -9999 -9999 -9999 -9999 -9999 -9999 -9999 -9999 -9999 -9999 -9999 -9999 -9999 -9999 -9999 -9999 -9999 -9999 -9999 14.7594 36.04923 27.11466 5.255338 156.2267 82.43576 13.58754 117.0678 -9999 -9999 -9999 -9999 -9999 -9999 -9999 -9999 -9999 28.94805 50.44403 70.78534 55.4573 315.2304 71.47459 25.95577 31.04369 -9999 -9999 -9999 -9999 18.08717 31.47926 12.86355 17.81946 18.70215 10.26595 14.82733 7.693106 15.93941 6.915493 28.05101 3.47043 5.298283
-9999 -9999 -9999 -9999 -9999 -9999 -9999 -9999 -9999 -9999 -9999 -9999 -9999 -9999 -9999 -9999 -9999 -9999 -9999 -9999 -9999 -9999 -9999 -9999 -9999 -9999 -9999 10.1732 9.524867 12.86207 22.02592 55.83777 166.638 25.08351 45.02728 29.36665 174.1907 46.94708 -9999 -9999 -9999 -9999 -9999 -9999 -9999 279.7457 32.78435 57.50632 100.4335 36.24405 62.43027 55.58688 42.65683 49.37626 44.0243 31.35839 148.3044 58.19943 55.00019 17.80566 16.46206 35.16003 19.15175 46.18126 15.40585 13.24976 22.09971 8.086285 16.96872 8.027396 24.94496
-9999 -9999 -9999 -9999 -9999 -9999 -9999 -9999 -9999 -9999 -9999 -9999 -9999 -9999 -9999 -9999 -9999 -9999 -9999 -9999 -9999 -9999 -9999 -9999 -9999 -9999 -9999 11.49579 18.4823 15.48283 21.57012 144.4682 59.57155 52.81803 199.0892 421.2495 321.0852 93.72562 45.92122 -9999 -9999 -9999 36.87928 107.2145 119.016 72.17941 147.8001 126.9719 148.1179 32.47495 20.59469 23.18593 64.74348 23.53268 24.70394 36.18717 74.15446 34.10209 34.79523 25.11289 27.31279 54.10292 14.10367 21.01636 18.95073 135.6405 10.59513 20.59364 31.00581 8.098208 7.055354
-9999 -9999 -9999 -9999 -9999 -9999 -9999 -9999 -9999 -9999 -9999 -9999 -9999 -9999 -9999 -9999 -9999 -9999 -9999 -9999 -9999 -9999 -9999 -9999 -9999 -9999 -9999 9.409715 17.56235 25.49201 23.26003 29.14841 20.63641 27.64681 13.56006 148.6015 325.4209 124.9326 72.24567 108.3283 -9999 -9999 578.6579 242.068 125.7329 83.03644 112.2954 120.2517 86.5613 45.89207 31.73788 287.8107 28.5954 32.4619 73.92694 52.08853 52.31651 49.42041 106.2189 114.7467 30.53006 35.94295 13.19945 12.33183 18.44683 15.72407 7.914861 16.50079 31.56573 23.82179 13.57772
-9999 -9999 -9999 -9999 -9999 -9999 -9999 -9999 -9999 -9999 -9999 -9999 -9999 -9999 -9999 -9999 -9999 -9999 -9999 -9999 -9999 -9999 -9999 -9999 -9999 -9999 -9999 6.800585 8.431884 74.44621 32.55504 -9999 31.47453 67.10575 158.7726 151.1306 100.2084 676.3618 329.0629 239.6785 226.7994 175.0237 327.4937 225.5374 350.0354 357.1415 103.8051 79.39883 58.48431 69.28278 98.43193 77.05401 53.03856 46.93066 73.95188 66.26106 45.29317 100.1854 43.07629 57.69377 62.81699 20.6965 17.82025 16.37442 17.12869 9.536501 8.954949 6.717607 7.865103 30.83461 10.39293
-9999 -9999 -9999 -9999 -9999 -9999 -9999 -9999 -9999 -9999 -9999 -9999 -9999 -9999 -9999 -9999 -9999 -9999 -9999 -9999 -9999 -9999 -9999 -9999 -9999 -9999 -9999 -9999 -9999 -9999 -9999 -9999 114.9334 69.91754 80.18565 73.21788 362.7822 277.213 175.7789 73.8896 100.8308 209.9963 232.8238 133.4878 143.9902 169.5833 218.3607 62.52673 65.2057 67.42326 104.2367 65.64368 142.7769 70.75619 61.79835 48.68399 151.2925 157.0145 75.20617 66.88241 52.72119 34.27722 33.12307 37.36098 41.06446 21.18855 34.62981 17.94662 219.9295 19.11317 16.01028
-9999 -9999 -9999 -9999 -9999 -9999 -9999 -9999 -9999 -9999 -9999 -9999 -9999 -9999 -9999 -9999 -9999 -9999 -9999 -9999 -9999 -9999 -9999 -9999 -9999 -9999 -9999 -9999 -9999 -9999 -9999 67.33175 42.44157 -9999 -9999 368.7884 46.77748 85.61121 67.58049 72.86425 103.1913 40.14773 34.85012 37.09597 123.7922 92.34081 237.9616 96.37534 75.44384 94.68485 44.75102 41.12717 46.14034 39.07644 71.16566 69.41254 125.8453 80.30602 73.42753 55.297 33.63037 69.31738 63.05302 41.37996 29.98605 26.17987 49.61181 16.72 31.68364 26.04215 35.46801
-9999 -9999 -9999 -9999 -9999 -9999 -9999 -9999 -9999 -9999 -9999 -9999 -9999 -9999 -9999 -9999 -9999 -9999 -9999 -9999 -9999 -9999 -9999 -9999 -9999 -9999 -9999 -9999 -9999 -9999 -9999 -9999 20.26154 83.69853 28.82292 45.24531 67.54958 27.99245 28.14106 60.37239 614.3961 26.36003 24.66839 17.47659 49.78035 112.7729 126.8966 203.7299 96.80937 185.1662 65.66061 51.31066 64.56278 32.06487 151.644 83.46158 53.77003 36.11989 45.80797 58.16251 49.74545 37.38344 48.04641 53.07613 40.78419 30.06129 25.07474 22.06743 23.70261 14.14769 25.10377
-9999 -9999 -9999 -9999 -9999 -9999 -9999 -9999 -9999 -9999 -9999 -9999 -9999 -9999 -9999 -9999 -9999 -9999 -9999 -9999 -9999 -9999 -9999 -9999 -9999 -9999 -9999 -9999 -9999 -9999 -9999 -9999 -9999 98.04987 78.9481 62.21354 71.41503 48.67327 48.97067 39.14173 26.8612 17.81982 13.06255 34.09462 50.34852 141.1791 192.9204 111.5964 40.76399 52.89763 42.52669 35.96577 16.06482 44.66523 50.38353 41.68869 79.20867 149.1182 33.61245 56.51788 36.22937 38.62631 25.67389 21.13737 56.04368 59.75036 66.44264 28.43365 10.70748 14.36039 11.90718
-9999 -9999 -9999 -9999 -9999 -9999 -9999 -9999 -9999 -9999 -9999 -9999 -9999 -9999 -9999 -9999 -9999 -9999 -9999 -9999 -9999 -9999 -9999 -9999 -9999 -9999 -9999 -9999 -9999 -9999 -9999 -9999 -9999 -9999 -9999 55.36552 59.82828 31.6685 26.1852 16.29536 14.80202 20.69802 42.00072 30.06073 117.224 65.50777 27.18542 25.33148 11.96155 45.68031 20.03553 32.71912 59.09527 58.16948 43.969 28.18843 42.17061 34.46937 36.89561 35.49093 14.59318 46.37611 40.286 21.76979 48.7323 35.06995 48.21593 40.96743 112.4477 29.53868 63.36676
-9999 -9999 -9999 -9999 -9999 -9999 -9999 -9999 -9999 -9999 -9999 -9999 -9999 -9999 -9999 -9999 -9999 -9999 -9999 -9999 -9999 -9999 -9999 -9999 -9999 -9999 -9999 -9999 -9999 -9999 -9999 -9999 -9999 -9999 -9999 -9999 37.13471 32.12642 26.81165 30.56937 9.356144 39.22335 146.6581 89.25023 30.51709 114.9211 142.916 361.4033 122.1825 143.0509 180.9675 83.24715 32.01109 54.9034 46.66665 23.491 37.78856 51.79472 31.43113 40.79992 20.14087 27.62049 35.82006 56.09542 33.13941 48.75489 45.07789 15.59594 16.88685 -9999 11.0135
-9999 -9999 -9999 -9999 -9999 -9999 -9999 -9999 -9999 -9999 -9999 -9999 -9999 -9999 -9999 -9999 -9999 -9999 -9999 -9999 -9999 -9999 -9999 -9999 -9999 -9999 -9999 -9999 -9999 -9999 -9999 -9999 -9999 -9999 -9999 -9999 30.86579 64.0138 27.37606 19.7102 18.77412 9.192959 47.64438 14.09015 9.510141 48.32867 107.989 48.002 95.07249 93.30184 127.4807 113.8612 12.72371 14.86577 18.1041 41.07124 50.96255 42.25348 126.3648 23.14471 23.88888 41.63073 47.98821 61.65112 141.9166 23.33943 46.15603 1.760642 -9999 -9999 -9999
-9999 -9999 -9999 -9999 -9999 -9999 -9999 -9999 -9999 -9999 -9999 -9999 -9999 -9999 -9999 -9999 -9999 -9999 -9999 -9999 -9999 -9999 -9999 -9999 -9999 -9999 -9999 -9999 26.84221 94.16564 18.84685 12.75816 89.11419 23.09561 94.50371 187.9927 61.29635 31.96947 21.24516 79.08163 28.94851 80.57568 95.46669 165.7742 54.99744 213.8408 210.1781 10.16053 118.5509 88.43048 54.93835 105.284 -9999 27.18604 39.55842 28.31966 32.33342 17.96106 34.90689 50.8982 17.92564 23.37563 29.04233 30.37634 28.91571 39.86263 24.64162 -9999 -9999 -9999 -9999
-9999 -9999 -9999 -9999 -9999 -9999 -9999 -9999 -9999 -9999 -9999 -9999 -9999 -9999 -9999 -9999 -9999 -9999 -9999 -9999 -9999 -9999 -9999 -9999 -9999 -9999 -9999 -9999 54.64468 78.94389 20.44386 10.74751 18.38332 6.482413 14.72277 36.32725 32.11572 6.516634 5.265378 14.07077 36.23814 74.76881 -9999 -9999 196.1878 -9999 8.750137 18.75681 56.85236 26.85783 60.06222 43.00155 124.0266 100.3298 21.00244 14.77306 23.53264 29.91705 61.77502 70.38678 17.25667 88.53366 45.02375 31.42708 20.26596 28.8606 9.36624 -9999 -9999 -9999 -9999
-9999 -9999 -9999 -9999 -9999 -9999 -9999 -9999 -9999 -9999 -9999 -9999 -9999 -9999 -9999 -9999 -9999 -9999 -9999 -9999 -9999 -9999 -9999 -9999 -9999 -9999 -9999 -9999 -9999 196.0363 20.7402 6.39521 10.72274 33.06556 5.677601 4.382449 20.40316 32.93634 24.205 104.2572 531.262 147.0481 -9999 -9999 -9999 -9999 40.22691 12.54001 -9999 2.522966 497.5104 66.66566 64.17463 43.10459 212.3208 214.515 -9999 127.117 39.84326 43.0939 24.71408 21.20537 19.79343 24.88104 23.50022 42.21432 1059.057 839.5517 40.60753 91.52135 40.31015
-9999 -9999 -9999 -9999 -9999 -9999 -9999 -9999 -9999 -9999 -9999 -9999 -9999 -9999 -9999 -9999 -9999 -9999 -9999 -9999 -9999 -9999 -9999 -9999 -9999 -9999 -9999 -9999 -9999 74.02454 23.67343 7.339999 18.35749 27.63552 329.0627 3.882 5.610151 8.594393 32.05383 -9999 -9999 72.19781 22.40212 -9999 -9999 -9999 33.41156 19.62683 -9999 -9999 185.9019 568.6393 689.9944 38.02505 34.66676 121.0613 147.443 59.55686 19.8214 18.38761 90.23077 21.80972 33.0084 27.99482 27.17854 38.91846 184.8759 338.3725 67.97665 28.13795 69.4185
-9999 -9999 -9999 -9999 -9999 -9999 13.35325 -9999 -9999 37.52215 33.50169 -9999 -9999 -9999 -9999 -9999 -9999 -9999 -9999 -9999 -9999 -9999 -9999 -9999 -9999 -9999 -9999 -9999 76.58813 41.10553 8.774524 14.47072 7.794477 14.91096 21.2804 11.04376 9.925922 164.1551 766.9473 61.56551 162.0512 59.88965 74.71527 -9999 -9999 -9999 37.14676 52.451 -9999 -9999 -9999 -9999 -9999 46.13231 47.99686 84.91041 138.9066 80.07539 21.75433 14.39082 28.5832 20.9626 8.314756 15.4467 33.48917 45.99551 20.60641 25.43134 46.68443 6.577278 146.0187
-9999 -9999 -9999 -9999 -9999 -9999 -9999 -9999 -9999 23.20383 57.83992 -9999 -9999 -9999 -9999 -9999 -9999 -9999 -9999 -9999 -9999 -9999 -9999 -9999 -9999 -9999 -9999 -9999 699.3443 23.07856 12.80036 20.85095 7.785587 9.453058 19.54762 5.949236 30.79829 134.1696 202.8712 139.396 -9999 -9999 -9999 -9999 -9999 -9999 11.19753 37.93338 -9999 -9999 165.2223 578.5485 90.97125 149.647 72.77567 57.67936 -9999 -9999 27.70578 32.55934 19.9159 137.6986 15.48684 4.347939 71.11253 208.3139 36.88735 26.38048 28.95226 17.64111 22.76436
-9999 -9999 -9999 -9999 -9999 -9999 -9999 -9999 -9999 -9999 -9999 -9999 90.44376 -9999 -9999 -9999 -9999 -9999 -9999 -9999 -9999 -9999 -9999 -9999 -9999 -9999 -9999 -9999 -9999 22.28459 20.40391 47.80711 64.60217 44.9901 48.21439 9.270933 65.80694 204.8069 -9999 -9999 -9999 -9999 -9999 -9999 133.4503 30.99085 41.5542 89.24261 114.6386 60.13762 71.07018 48.18774 43.06037 225.6757 28.74319 -9999 -9999 -9999 45.62647 22.32668 20.75784 419.9628 34.1609 28.19555 30.81799 62.79379 32.13272 40.25443 49.23265 17.72152 40.46556
-9999 -9999 -9999 -9999 -9999 -9999 -9999 -9999 -9999 -9999 -9999 -9999 29.48806 -9999 -9999 -9999 -9999 -9999 -9999 -9999 -9999 -9999 -9999 -9999 -9999 -9999 -9999 -9999 -9999 0 14.33678 151.7177 47.91847 166.8149 43.6671 102.2205 33.15218 -9999 115.2916 122.3925 214.2204 288.6261 121.2356 143.5717 138.4491 101.5723 45.51878 38.84844 250.8655 138.5412 18.08149 -9999 105.5182 92.68648 -9999 -9999 -9999 -9999 -9999 17.67312 11.13525 12.49134 13.4401 19.36272 20.14188 23.65731 47.00655 22.60598 98.10126 30.95188 25.9154
-9999 -9999 -9999 -9999 -9999 -9999 -9999 -9999 -9999 -9999 -9999 -9999 -9999 -9999 -9999 -9999 -9999 -9999 -9999 -9999 -9999 -9999 -9999 -9999 -9999 -9999 -9999 -9999 -9999 -9999 -9999 160.1694 146.2937 44.08134 75.79971 193.0874 90.06991 145.5164 87.55522 48.26831 25.68575 21.73927 37.92019 53.31441 48.66534 39.0168 35.02379 31.69064 100.412 127.2929 123.8597 -9999 752.971 -9999 -9999 -9999 -9999 -9999 -9999 -9999 -9999 18.25113 35.72742 55.28397 13.46405 7.145556 -9999 -9999 -9999 -9999 19.96682
-9999 -9999 -9999 -9999 -9999 -9999 -9999 -9999 -9999 -9999 -9999 -9999 -9999 -9999 -9999 -9999 -9999 -9999 -9999 -9999 -9999 -9999 -9999 -9999 -9999 -9999 -9999 -9999 -9999 -9999 -9999 183.9816 93.83012 78.43206 20.41987 29.95004 58.51022 11.91921 14.32426 6.118634 15.59727 32.98301 9.224336 29.14019 6.778408 5.846096 19.23229 18.90999 82.23888 47.7328 -9999 -9999 -9999 -9999 -9999 -9999 -9999 -9999 -9999 -9999 -9999 2.131293 6.108935 11.90462 2.93428 -9999 -9999 -9999 -9999 -9999 35.95722
-9999 -9999 -9999 -9999 -9999 -9999 -9999 -9999 -9999 -9999 -9999 -9999 -9999 -9999 -9999 -9999 -9999 -9999 -9999 -9999 -9999 65.07854 -9999 -9999 -9999 -9999 -9999 -9999 -9999 120.3623 349.6187 77.24524 71.39621 23.43348 6.669968 1.410866 1.299113 4.623422 3.150203 3.430992 9.740614 5.174861 2.337501 11.06635 24.39604 5.118184 4.595738 8.545723 38.13476 21.62115 -9999 -9999 -9999 -9999 -9999 -9999 -9999 -9999 -9999 -9999 -9999 -9999 -9999 -9999 -9999 -9999 -9999 -9999 -9999 -9999 -9999
-9999 -9999 -9999 -9999 -9999 -9999 -9999 -9999 -9999 -9999 -9999 -9999 -9999 -9999 -9999 -9999 -9999 -9999 -9999 -9999 54.82345 257.3345 -9999 -9999 -9999 -9999 -9999 -9999 130.2643 51.0745 43.75261 73.03609 19.1689 9.478426 2.585336 0.8988348 2.482264 3.754452 2.186362 1.227578 1.278943 9.581059 9.114886 4.093287 3.915583 0.3695363 0.430001 1.112815 4.232555 11.83679 33.99027 102.9855 18.4819 9.972705 -9999 -9999 -9999 26.73621 19.24661 11.49248 4.184663 2.411048 1.060466 -9999 -9999 -9999 -9999 -9999 -9999 -9999 -9999
-9999 -9999 -9999 -9999 -9999 -9999 -9999 -9999 -9999 -9999 -9999 -9999 -9999 -9999 -9999 -9999 -9999 -9999 -9999 -9999 -9999 -9999 -9999 -9999 -9999 -9999 -9999 -9999 35.87035 41.52256 79.68011 18.99376 12.36791 14.54645 1.601277 4.673587 5.004485 0.2532241 0.1885191 1.840682 0.8263202 0.5966081 2.507379 2.874915 0.2263781 0.0386667 0.0386667 0.1678817 0.6481827 1.098055 2.116239 6.21996 9.916018 5.437622 1.006823 1.006823 -9999 26.73621 24.19638 12.43865 3.969359 1.240575 1.097374 1.845532 8.484409 25.52615 7.991662 2852.219 764.1191 587.3185 277.4138
-9999 -9999 -9999 -9999 -9999 -9999 -9999 -9999 -9999 -9999 -9999 -9999 -9999 -9999 -9999 -9999 -9999 -9999 -9999 -9999 -9999 0 0 -9999 -9999 -9999 -9999 -9999 104.8326 21.96683 6.403725 10.53707 8.498804 0.3418592 0.3460853 0.713612 0.389704 0.3335623 0.3050697 0.582818 0.5837264 0.5735483 0.3619932 0.338616 0.2915567 0.04725755 0.05298172 0.2312157 0.7131927 0.8537298 2.116239 2.760096 4.260713 1.006823 1.006823 1.006823 0.9332461 0.4864536 0.4864536 0.4864536 0.8057132 1.034548 0.9346937 0.001061749 0 0.1892932 1.026818 33.97524 278.9915 1242.24 71.437
-9999 -9999 -9999 -9999 -9999 -9999 -9999 -9999 -9999 -9999 -9999 -9999 -9999 -9999 -9999 -9999 -9999 -9999 -9999 -9999 -9999 -9999 -9999 -9999 39.45416 -9999 -9999 34.43 16.88111 2.462413 1.722178 0.4555508 0.3393777 0.03955678 0.04457517 0.3692032 0.4169239 1.2847 1.099374 1.149967 0.3469737 0.3400692 0.3184782 0.1630125 0.0443533 0.0449078 0.06904391 0.273193 0.7733817 0.8479918 2.116239 2.116239 1.369794 0.5797556 0.6724911 0.8080069 0.8183514 0.4864536 0.4864536 0.4864536 0.4864536 1.026302 0.9609287 0.6407134 0.5535805 0 0 0 153.8982 304.1709 18.92287
-9999 -9999 -9999 -9999 -9999 -9999 -9999 -9999 -9999 -9999 -9999 -9999 -9999 -9999 -9999 -9999 -9999 -9999 -9999 26.08132 47.32756 208.4005 480.7923 26.47659 68.76184 0.3504423 9.216499 2.78933 1.518445 0.4063965 0.0557128 0.02119926 0.02119926 0.02742731 0.04306477 0.1695453 0.5505076 2.345462 0.9459835 0.4787917 0.3639948 0.2691812 0.08241105 0.05226876 0.0397995 0.0397995 0.08082238 0.2382793 0.460154 0.4401908 0.4705003 0.4669042 0.3892887 0.2669778 0.2408065 0.2531844 0.4750497 0.4714838 0.4864536 0.4864537 0.4864536 0.9550731 0.9971625 0 0.008597195 0 1.36865 0.267349 177.0811 3.17105 1.145848
-9999 -9999 -9999 -9999 -9999 -9999 -9999 -9999 -9999 -9999 -9999 -9999 -9999 -9999 -9999 -9999 -9999 -9999 -9999 18.09722 20.9065 467.0165 142.4521 -9999 41.93423 0.5109879 0.07845534 0.0361906 0.032172 0.2283901 0.3352886 0.3103242 0.1026924 0.02119926 0.04299866 0.9311423 1.008991 2.966118 0.7018254 0.5482776 0.3184369 0.06705392 0.05748994 0.05093155 0.04726695 0.08839624 0.142746 0.2450545 0.3103498 0.4008104 0.456133 0.599961 1.491208 2.853732 0.4421036 0.2408065 0.2408065 0.4393748 0.4781388 0.4810213 0.4816937 0.4774143 0.4699348 0 0 0.4526491 0.1912896 0 133.2523 91.52946 0.181128
-9999 -9999 -9999 -9999 -9999 -9999 -9999 -9999 -9999 -9999 -9999 -9999 -9999 -9999 -9999 -9999 -9999 -9999 -9999 -9999 -9999 -9999 -9999 12.19112 1.092354 0.04373128 2.433178 0.004496733 0.003690075 0.01926548 0.1453408 0.3226695 0.3545648 0.2809689 0.1733726 0.3617545 0.3386275 0.2135397 0.8971376 1.055264 0.3160766 0.2736668 0.04300025 0.046266 0.0764832 0.1362716 0.1362716 0.1691709 0.2469434 0.5844752 1.154259 1.180377 2.055285 0.5191506 0.18424 0.2281482 0.2216211 0.09126214 0.06149293 0.06149293 0.06149293 0.06149293 0.06149281 0 0 0.7116112 0 0 0 196.3718 96.56059
