static/data/demographic data in a grid format/gpw_v4_basic_demographic_characteristics_rev11_atotpopmt_2010_dens_1_deg.asc
ncols         360
nrows         180
xllcorner     -180
yllcorner     -90
cellsize      1
NODATA_value  -9999
[rows 0 to 31 of 180, columns 213 to 283 of 360]
-9999 -9999 -9999 -9999 -9999 -9999 -9999 -9999 -9999 -9999 -9999 -9999 -9999 -9999 -9999 -9999 -9999 -9999 -9999 -9999 -9999 -9999 -9999 -9999 -9999 -9999 -9999 -9999 -9999 -9999 -9999 -9999 -9999 -9999 -9999 -9999 -9999 -9999 -9999 -9999 -9999 -9999 -9999 -9999 -9999 -9999 -9999 -9999 -9999 -9999 -9999 -9999 -9999 -9999 -9999 -9999 -9999 -9999 -9999 -9999 -9999 -9999 -9999 -9999 -9999 -9999 -9999 -9999 -9999 -9999 -9999
-9999 -9999 -9999 -9999 -9999 -9999 -9999 -9999 -9999 -9999 -9999 -9999 -9999 -9999 -9999 -9999 -9999 -9999 -9999 -9999 -9999 -9999 -9999 -9999 -9999 -9999 -9999 -9999 -9999 -9999 -9999 -9999 -9999 -9999 -9999 -9999 -9999 -9999 -9999 -9999 -9999 -9999 -9999 -9999 -9999 -9999 -9999 -9999 -9999 -9999 -9999 -9999 -9999 -9999 -9999 -9999 -9999 -9999 -9999 -9999 -9999 -9999 -9999 -9999 -9999 -9999 -9999 -9999 -9999 -9999 -9999
-9999 -9999 -9999 -9999 -9999 -9999 -9999 -9999 -9999 -9999 -9999 -9999 -9999 -9999 -9999 -9999 -9999 -9999 -9999 -9999 -9999 -9999 -9999 -9999 -9999 -9999 -9999 -9999 -9999 -9999 -9999 -9999 -9999 -9999 -9999 -9999 -9999 -9999 -9999 -9999 -9999 -9999 -9999 -9999 -9999 -9999 -9999 -9999 -9999 -9999 -9999 -9999 -9999 -9999 -9999 -9999 -9999 -9999 -9999 -9999 -9999 -9999 -9999 -9999 -9999 -9999 -9999 -9999 -9999 -9999 -9999
-9999 -9999 -9999 -9999 -9999 -9999 -9999 -9999 -9999 -9999 -9999 -9999 -9999 -9999 -9999 -9999 -9999 -9999 -9999 -9999 -9999 -9999 -9999 -9999 -9999 -9999 -9999 -9999 -9999 -9999 -9999 -9999 -9999 -9999 -9999 -9999 -9999 -9999 -9999 -9999 -9999 -9999 -9999 -9999 -9999 -9999 -9999 -9999 -9999 -9999 -9999 -9999 -9999 -9999 -9999 -9999 -9999 -9999 -9999 -9999 -9999 -9999 -9999 -9999 -9999 -9999 -9999 -9999 -9999 -9999 -9999
-9999 -9999 -9999 -9999 -9999 -9999 -9999 -9999 -9999 -9999 -9999 -9999 -9999 -9999 -9999 -9999 -9999 -9999 -9999 -9999 -9999 -9999 -9999 -9999 -9999 -9999 -9999 -9999 -9999 -9999 -9999 -9999 -9999 -9999 -9999 -9999 -9999 -9999 -9999 -9999 -9999 -9999 -9999 -9999 -9999 -9999 -9999 -9999 -9999 -9999 -9999 -9999 -9999 -9999 -9999 -9999 -9999 -9999 -9999 -9999 -9999 -9999 -9999 -9999 -9999 -9999 -9999 -9999 -9999 -9999 -9999
-9999 -9999 -9999 -9999 -9999 -9999 -9999 -9999 -9999 -9999 -9999 -9999 -9999 -9999 -9999 -9999 -9999 -9999 -9999 -9999 -9999 -9999 -9999 -9999 -9999 -9999 -9999 -9999 -9999 -9999 -9999 -9999 -9999 -9999 -9999 -9999 -9999 -9999 -9999 -9999 -9999 -9999 -9999 -9999 -9999 -9999 -9999 -9999 -9999 -9999 -9999 -9999 -9999 -9999 -9999 -9999 -9999 -9999 -9999 -9999 -9999 -9999 -9999 -9999 -9999 -9999 -9999 -9999 -9999 -9999 -9999
-9999 -9999 -9999 -9999 -9999 -9999 -9999 -9999 -9999 -9999 -9999 -9999 -9999 -9999 -9999 -9999 -9999 -9999 -9999 -9999 -9999 -9999 -9999 -9999 -9999 -9999 -9999 -9999 -9999 -9999 -9999 -9999 -9999 -9999 -9999 -9999 -9999 -9999 -9999 -9999 -9999 -9999 -9999 -9999 -9999 -9999 -9999 -9999 -9999 -9999 -9999 -9999 -9999 -9999 -9999 -9999 -9999 -9999 -9999 -9999 -9999 -9999 -9999 -9999 -9999 -9999 -9999 -9999 -9999 -9999 -9999
-9999 -9999 -9999 -9999 -9999 -9999 -9999 -9999 -9999 -9999 -9999 -9999 -9999 -9999 -9999 -9999 -9999 -9999 -9999 -9999 -9999 -9999 -9999 -9999 -9999 -9999 -9999 -9999 -9999 -9999 -9999 -9999 -9999 -9999 -9999 -9999 -9999 -9999 -9999 -9999 -9999 -9999 -9999 -9999 -9999 -9999 -9999 -9999 -9999 -9999 -9999 -9999 -9999 -9999 -9999 -9999 -9999 -9999 -9999 -9999 -9999 -9999 -9999 -9999 -9999 -9999 -9999 -9999 -9999 -9999 -9999
-9999 -9999 -9999 -9999 -9999 -9999 -9999 -9999 -9999 -9999 -9999 -9999 -9999 -9999 -9999 -9999 -9999 0.01873088 0.01873089 -9999 -9999 0.01873084 0.01873087 0.01873088 0.01873087 0.01873085 0.01873087 0.01873089 0.01873086 0.0187308 0.01873089 0.01873089 0.01873089 -9999 -9999 -9999 -9999 -9999 -9999 -9999 -9999 -9999 -9999 -9999 -9999 -9999 -9999 -9999 -9999 -9999 -9999 -9999 -9999 -9999 -9999 -9999 -9999 0.02089628 0.02089632 -9999 0.02089637 0.02089637 0.02089637 0.02089636 -9999 -9999 -9999 -9999 -9999 -9999 -9999
0 -9999 -9999 0.0560234 -9999 -9999 -9999 -9999 -9999 -9999 -9999 0.01873078 0.01873089 0.01873086 0.01873089 0.01873089 0.01873088 0.01873088 0.01873086 0.01873088 0.01873088 0.01873087 0.01873088 0.01873088 0.01873088 0.01873088 0.01873089 0.01873088 0.01873088 0.01873087 0.01873088 0.01873089 0.01873088 -9999 -9999 -9999 -9999 -9999 -9999 -9999 -9999 -9999 -9999 -9999 -9999 0.02089636 0.02089636 -9999 -9999 -9999 -9999 -9999 -9999 -9999 -9999 -9999 -9999 0.02089637 0.02089636 0.02089636 0.02089636 0.02089637 0.02089636 0.02089637 0.02089637 0.02089632 0.02089637 -9999 -9999 -9999 -9999
-9999 -9999 -9999 -9999 -9999 -9999 -9999 -9999 -9999 -9999 -9999 -9999 -9999 -9999 -9999 -9999 -9999 0.01873089 0.01873087 -9999 -9999 -9999 -9999 -9999 -9999 0.01873085 0.01873082 0.01873073 -9999 -9999 -9999 -9999 -9999 -9999 -9999 -9999 -9999 -9999 -9999 -9999 -9999 -9999 -9999 0.02089636 0.02089637 -9999 -9999 -9999 -9999 -9999 -9999 -9999 -9999 -9999 -9999 -9999 -9999 0.02089637 0.02089636 0.02089637 0.02089636 0.02089637 0.02089637 0.02089637 0.02089637 0.02089637 0.02089637 0.02089635 0.02089636 0.02089637 0.02089636
-9999 -9999 -9999 -9999 -9999 -9999 -9999 -9999 -9999 -9999 -9999 -9999 -9999 -9999 -9999 -9999 -9999 -9999 -9999 -9999 -9999 -9999 -9999 -9999 -9999 -9999 -9999 -9999 -9999 -9999 -9999 -9999 -9999 -9999 -9999 -9999 -9999 -9999 -9999 -9999 -9999 -9999 -9999 -9999 -9999 -9999 -9999 -9999 -9999 -9999 -9999 -9999 -9999 -9999 -9999 -9999 -9999 -9999 -9999 -9999 0.02089634 -9999 0.02089637 0.02089634 0.02089637 0.02089636 0.02089637 0.02089637 0.02089637 0.02089637 0.02089637
-9999 -9999 -9999 -9999 -9999 -9999 -9999 -9999 -9999 -9999 -9999 -9999 -9999 -9999 -9999 -9999 -9999 -9999 -9999 -9999 -9999 -9999 -9999 -9999 -9999 -9999 -9999 -9999 -9999 -9999 -9999 -9999 -9999 -9999 0.01873089 -9999 -9999 -9999 -9999 -9999 -9999 -9999 -9999 -9999 -9999 -9999 -9999 -9999 -9999 0.02089636 -9999 -9999 -9999 -9999 -9999 0.02089636 0.02089635 0.0208963 0.02089637 0.02089637 -9999 -9999 0.02089636 0.02089636 -9999 -9999 0.02089634 0.02089636 0.02089637 0.02089637 0.02089637
-9999 -9999 -9999 -9999 -9999 -9999 -9999 -9999 -9999 -9999 -9999 -9999 -9999 -9999 -9999 -9999 -9999 -9999 -9999 -9999 -9999 -9999 -9999 -9999 -9999 0.01873089 0.01873089 0.01873089 0.01873089 0.01873089 0.01873089 0.01873089 0.01873089 0.01873089 0.01873089 0.01873089 0.01873089 -9999 -9999 -9999 -9999 -9999 -9999 -9999 -9999 -9999 -9999 -9999 -9999 -9999 -9999 -9999 -9999 -9999 -9999 0.02089637 0.02089636 -9999 0.02089636 0.02089633 0.02089636 0.02089636 0.02089636 0.02089635 0.02089637 0.02089636 0.02089637 0.02089637 0.02089637 0.02089637 0.02089637
-9999 -9999 -9999 -9999 -9999 -9999 -9999 -9999 -9999 -9999 -9999 -9999 -9999 -9999 -9999 -9999 -9999 -9999 -9999 -9999 -9999 -9999 0.01873089 0.01873089 0.01873089 0.01873089 0.01873089 0.01873089 0.01873089 0.01873089 0.01873089 0.01873089 0.01873089 0.01873089 -9999 -9999 -9999 -9999 -9999 -9999 -9999 -9999 -9999 -9999 -9999 -9999 -9999 -9999 0.02089635 0.02089636 0.02089636 -9999 -9999 0.02089637 0.02089637 0.02089637 0.02089637 0.02089637 0.02089637 0.02089637 0.02089637 0.02089637 0.02089637 0.02089637 0.02089637 0.02089637 0.02089637 0.02089637 0.02089637 0.02089637 0.02089637
-9999 -9999 -9999 -9999 -9999 -9999 -9999 -9999 -9999 -9999 -9999 -9999 -9999 -9999 -9999 -9999 -9999 -9999 -9999 -9999 -9999 0.01873089 0.01873089 0.01873089 0.01873089 0.01873089 0.01873089 0.01873089 -9999 -9999 -9999 -9999 -9999 -9999 -9999 -9999 -9999 -9999 -9999 -9999 -9999 -9999 -9999 -9999 -9999 -9999 0.02089636 -9999 -9999 0.02089637 0.02089636 0.02089636 0.02089636 0.02089636 0.02089637 0.02089637 0.02089637 0.02089637 0.02089637 0.02089637 0.02089637 0.02089637 0.02089637 0.02089637 0.02089637 0.02089637 0.02089637 0.02089637 0.02089636 0.02089637 0.02089637
-9999 -9999 -9999 -9999 -9999 -9999 -9999 -9999 -9999 -9999 -9999 -9999 -9999 -9999 -9999 -9999 -9999 -9999 -9999 -9999 0.01873089 0.01873089 0.01873089 0.01873089 0.01873089 0.01873089 -9999 -9999 -9999 -9999 -9999 -9999 -9999 -9999 -9999 -9999 0.4055467 0.4055467 0.4055467 -9999 -9999 0.4055467 0.4055467 0.4055467 -9999 0.02089637 0.02089635 0.02089636 0.02089637 0.02089637 0.02089637 0.02089637 0.02089637 0.02089637 0.02089637 0.02089637 0.02089637 0.02089637 0.02089637 0.02089637 0.02089637 0.02089637 0.02089637 0.02089637 0.02089637 0.02089637 0.02089637 0.02089637 0.02089637 0.02089637 0.02089637
-9999 -9999 -9999 -9999 -9999 -9999 -9999 -9999 -9999 -9999 -9999 -9999 -9999 -9999 -9999 -9999 -9999 -9999 0.01873089 0.01873089 0.01873089 0.01873089 0.01873089 0.01873089 -9999 -9999 -9999 -9999 -9999 -9999 -9999 -9999 -9999 -9999 -9999 0.4055467 0.4055467 0.4055467 0.4055467 0.4055467 -9999 0.4055467 0.4055467 0.4055467 0.4055467 0.2651669 0.05382174 0.02089637 0.02089637 0.02089637 0.02089637 0.02089637 0.02089637 0.02089637 0.02089637 0.02089637 0.02089637 0.02089637 0.02089637 0.02089637 0.02089637 0.02089637 0.02089637 0.02089637 0.02089637 0.02089637 0.02089637 0.02089637 0.02089637 0.02089637 0.02089637
-9999 -9999 -9999 -9999 -9999 -9999 -9999 -9999 -9999 -9999 -9999 -9999 -9999 -9999 -9999 -9999 -9999 -9999 0.01873089 0.01873089 0.01873089 0.01873089 0.01873089 0.01873089 -9999 -9999 -9999 -9999 -9999 -9999 -9999 -9999 -9999 0.4055467 0.4055467 0.4055467 0.4055467 0.4055467 0.4055467 0.4055467 0.4055467 0.4055467 0.4055467 0.4055467 0.4055467 0.4055467 0.2915412 0.05534877 0.02089637 0.02089637 0.02089637 0.02089637 0.02089637 0.02089637 0.02089637 0.02089637 0.02089637 0.02089637 0.02089637 0.02089637 0.02089637 0.02089637 0.02089637 0.02089636 0.02089637 0.02089637 0.02089637 0.02089637 0.02089637 0.02089637 0.02089636
-9999 -9999 -9999 -9999 -9999 -9999 -9999 -9999 -9999 -9999 -9999 -9999 -9999 -9999 -9999 -9999 -9999 -9999 -9999 0.01873089 0.01873089 0.01873089 0.01873089 0.01873089 0.01873089 0.05795418 0.05795418 0.05795418 -9999 -9999 -9999 -9999 -9999 0.4055467 0.4055467 0.4055467 0.4055467 0.4055467 0.4055467 0.4055467 0.4055467 0.4055467 0.4055467 0.4055467 0.4055467 0.4055467 0.3468981 0.1734138 0.02089637 0.02089637 0.02089636 0.02089637 0.02089637 0.02089637 0.02089637 0.02089637 0.02089637 0.02089637 0.02089637 0.02089637 0.02089637 0.02089637 0.02089637 0.02089637 0.02089637 0.02089637 0.02089637 0.02089637 0.02089637 0.02089637 0.02089637
40.14749 0.8021945 0.8021945 0.7429893 -9999 -9999 -9999 -9999 -9999 -9999 -9999 -9999 -9999 -9999 -9999 0.05795418 0.05795418 0.05795418 -9999 -9999 -9999 -9999 -9999 -9999 -9999 0.05795418 0.05795418 0.05795418 0.05795419 0.05795419 0.05795418 0.105501 0.3996146 0.4055467 0.4055467 0.4055466 0.4055467 0.4055467 0.4055467 0.4055467 0.4055467 0.4055467 0.4055467 0.4055467 0.4055467 0.4042772 0.2455933 0.1414429 0.1347168 0.04915722 0.02089637 0.02089637 0.02089637 0.02089637 10.72297 10.48103 0.02089637 0.02089637 0.02089637 0.02089637 0.02089637 0.02075115 0.01779634 0.01550708 0.01340776 0.01250157 0.0116158 0.01329124 0.01433607 0.01625219 0.01706783
31.90475 0.3410369 0.2840489 0.1404135 0.1107247 0.118913 1.188551 -9999 -9999 -9999 0.05795418 0.05795418 0.05795419 0.05795418 -9999 0.05795418 0.05795418 0.05795418 0.05795418 0.05795418 0.05795418 0.05795418 0.05795418 0.05795419 0.05795418 0.05795418 0.05795418 0.05795418 0.05795418 0.05795418 0.06865615 0.5836651 0.5754264 0.4055467 0.4055467 0.4055467 0.4055467 0.4055467 0.4055466 0.4055467 0.4055467 0.4055467 0.4055467 0.4055467 0.4055467 0.4055467 0.4055467 0.4055467 0.4055467 0.2570647 0.02241577 0.02089637 0.02140219 0.02212859 0.6105309 0.02089637 0.02089637 0.02089637 0.02089637 0.01973872 0.01624058 0.01284332 0.01008021 0.01008021 0.01008021 0.01008021 0.01008021 0.01008021 0.01008021 0.01008021 0.01008021
8.424809 2.16168 0.1193428 0.1107247 0.1107247 0.1107247 0.1809926 0.1622724 0.1377035 -9999 0.05795419 0.05795418 0.05795419 0.05795419 0.05795419 0.05795418 0.05795418 0.05795418 0.05801746 0.4082036 2.16026 0.05822011 0.05822735 0.05824171 0.05825416 0.05825796 0.05818385 0.05824666 0.1359015 0.7223048 1.625651 2.109621 1.581646 0.4867331 0.4055467 0.4055467 0.4055467 0.4055467 0.4055467 0.4055467 0.4055467 0.4055467 0.4055467 0.4055467 0.4055467 0.4055467 0.4055467 0.4055467 0.3925144 0.1292748 0.03980462 0.02987479 0.03906188 0.04103714 0.03276697 0.02980191 0.03039061 0.02922311 0.01602515 0.01028061 0.01008021 0.01008021 0.01008021 0.01008021 0.01008021 0.01008021 0.01008021 0.01008021 0.01008021 0.01008021 0.01008021
0.3909375 0.206557 0.1627169 0.1588362 0.1533153 0.1422852 0.1398524 0.1161811 0.1353186 0.1451616 0.1451616 0.09447195 0.07044139 0.06010441 0.05812078 0.0680335 0.08094003 0.1054429 0.1342897 0.1498734 0.28812 0.7219951 0.7461455 0.7461456 0.7461456 0.714652 0.5473133 0.547116 0.556823 1.304585 1.37068 0.8487004 0.4332758 0.4055467 0.4055467 0.4055467 0.4055467 0.4055467 0.4055467 0.4055467 0.4055467 0.4055467 0.4055467 0.4055467 0.4055467 0.4055467 0.4055467 0.4055467 0.4055467 0.4001803 0.119761 0.04359962 0.04359963 0.04359962 0.04359962 0.04346457 0.02839608 0.01507109 0.01008021 0.01008021 0.01008021 0.01008021 0.01008021 0.01008021 0.01008021 0.01008021 0.01008021 0.01008021 0.01008021 0.01008021 0.01008021
0.7452872 0.9285561 0.5998156 0.5986077 0.5986077 -9999 0.5986077 0.5732351 0.3641061 0.2176004 0.1905409 0.1492797 0.1413769 0.1381232 0.1291287 0.1401721 0.1461873 0.1498722 0.1498734 0.169069 0.455816 0.5344703 0.8066285 0.8636454 0.8825054 0.8852128 0.6588789 0.5847132 0.9504785 0.8521577 0.4055467 0.4055467 0.4055467 0.4055467 0.4055467 0.4055467 0.4055467 0.4055467 0.4055467 0.4055467 0.4055467 0.4055467 0.4055467 0.4055467 0.4055466 0.4055467 0.4055467 0.4055467 0.4055467 0.4055467 0.3649453 0.1501134 0.04359962 0.04359962 0.04359962 0.04048768 0.01614657 0.01008021 0.01008021 0.01008021 0.01008021 0.01008021 0.01008021 0.01008021 0.01008021 0.01008021 0.01008021 0.01008021 0.01008021 0.01008021 0.01008021
1.000889 0.9533389 0.7245709 0.6372665 0.6428416 1.158806 25.97332 43.75203 0.6516363 0.5640459 0.4553058 0.3760821 0.2145809 0.1739866 0.1818707 0.1765005 0.2025279 0.2342156 0.3524287 1.795255 1.360481 0.8943492 1.105491 0.7527462 0.5973687 0.5861271 0.8553109 1.472422 1.489411 1.333015 0.8345498 0.8610046 1.0064 0.9691814 0.5123125 0.6705533 0.8496022 0.6159346 0.4055467 0.4055467 0.4055467 0.4055467 0.4055467 0.4055467 0.4055467 0.4055467 0.4055467 0.4055467 0.4055467 0.4055467 0.4055467 0.386863 0.3113356 0.04368766 0.04359962 0.04359962 0.03670587 0.02816836 0.02095864 0.0103704 0.01008021 0.01008021 0.01008021 0.01008021 0.01008021 0.01008021 0.01008021 0.01008021 0.01008021 0.01008021 0.01008021
1.559517 1.936292 1.45397 0.8388598 0.7204907 0.7216715 0.7775974 1.037382 1.012671 0.6989734 0.5139292 0.4457355 0.4069786 0.3780179 0.2830845 0.2693579 0.2798708 0.4036917 0.4508217 1.814774 3.77467 1.900268 1.097599 0.4169219 0.2646952 0.2532937 0.9798109 1.489411 1.489411 1.489411 1.489411 1.489411 1.489411 1.489411 1.489411 1.489411 1.489411 1.416753 0.9514747 0.7654618 0.7018964 0.4959235 0.5029569 0.4225534 0.4055467 0.4055467 0.4055467 0.465985 0.4146675 0.4055467 0.4055467 0.4055467 0.2053911 0.04359963 0.04359962 0.04359962 0.04359962 0.04359963 0.03843693 0.01172611 0.01008021 0.01008021 0.01008021 0.01008021 0.01008021 0.01008021 0.01008021 0.01008021 0.01008021 0.01008021 0.01008021
2.52168 2.589179 1.141381 0.8481873 0.8369234 0.8863825 0.9075682 2.415961 1.580214 0.6443449 0.614436 0.4763729 0.4003642 0.4300941 0.4000301 0.4774303 1.496446 1.084024 0.4784275 0.4735242 1.259766 1.550532 0.3581016 0.1655807 0.1655807 0.1655807 0.8701678 1.489411 1.489411 1.489411 1.489411 1.489411 1.489411 1.489411 1.489411 1.489411 1.489411 1.489411 1.489411 1.489411 1.489411 1.489411 1.489411 1.478877 1.138244 0.9970305 1.086485 1.424764 1.299608 1.199996 0.9421111 0.4986968 0.08324286 0.04359962 0.04359962 0.04359962 0.04359962 0.03229782 0.01459655 0.01008021 0.01008021 0.01008021 0.01008021 0.01008021 0.01008021 0.01008021 0.01008021 0.01008021 0.01008021 0.01008021 0.01008021
1.789405 28.66391 1.970913 0.8960953 0.9128579 0.9049324 1.118195 1.642408 2.217161 1.860014 1.293273 1.087442 1.138126 6.963848 4.338111 0.8200184 1.443248 21.25972 0.9437696 0.4858031 0.5056159 0.479512 0.4721537 0.3664044 0.3551683 0.3801197 0.5630469 0.8063024 0.9212731 1.26204 1.489411 1.489411 1.489411 1.489411 1.489411 1.489411 1.489411 1.489411 1.489411 1.489411 1.489411 1.489411 1.489411 1.489411 1.489411 1.489411 1.489411 1.489411 1.489411 1.489411 1.471267 1.337492 0.6011358 0.07271033 0.07021263 0.06489801 0.04396868 0.03681874 0.01057714 0.02295268 0.02378506 0.02199718 0.01183296 0.01008021 0.01008021 0.01008021 0.01008021 0.01008021 0.01008021 0.01008021 0.01008021
3.85734 2.821578 1.444589 1.144748 1.178604 1.285756 1.54846 1.523297 1.404945 1.585421 1.201128 0.9396673 2.376394 2.78094 1.738945 1.133601 0.8032411 0.5737803 0.5341296 1.410472 1.528358 1.52938 0.7443049 0.6284541 0.6403187 0.6533676 3.205403 2.157522 1.007035 0.3836977 1.291932 1.489411 1.489411 1.489411 1.489411 1.489411 1.489411 1.489411 1.489411 1.489411 1.489411 1.489411 1.489411 1.346816 3.802567 0.4299215 0.5252365 0.4852951 0.6126478 0.4902927 0.1770758 0.2093029 0.1194068 0.1194068 0.1194068 0.1194068 0.1125657 0.1021015 0.09205218 0.106415 0.1099998 0.1093467 0.03119086 0.01008021 0.01008021 0.01008021 0.03059764 0.01020963 0.01008021 0.01008021 0.01008021
3.533332 3.649484 2.210521 1.727971 23.98095 6.035428 27.19361 4.627553 2.243589 1.357419 0.9111124 1.065398 1.317271 1.318633 1.106288 1.432094 1.980338 0.9538624 1.244758 1.879832 1.518473 1.628019 1.566926 20.99816 2.825869 3.021683 2.370012 9.226411 3.682992 0.2679211 0.2900832 0.9932479 1.386034 1.489411 1.373904 0.9116509 0.3122614 0.3558393 0.5557529 1.140221 1.489224 1.489411 1.355746 0.595242 0.1297757 0.1324832 0.1310704 0.1220947 0.1235528 0.1421073 0.33316 0.2041375 0.1800784 0.1826162 0.1585336 0.1323075 0.1194068 0.1194068 0.1156066 0.1103261 0.1100063 0.1925423 0.261728 0.2349757 0.2803738 0.3271946 0.3869411 0.2616838 0.2206401 0.1298878 0.03135869
5.082335 4.324792 2.710415 2.493036 2.892714 3.422146 4.282353 3.530564 4.549153 2.760001 1.497548 2.489627 3.850899 1.630989 1.66736 4.755034 41.37397 9.763134 3.046354 10.58433 3.377963 4.616439 9.813903 17.99689 9.510324 4.978631 13.47403 6.234155 2.627182 1.603849 1.057021 0.6857308 2.115036 1.08341 0.7335182 8.857759 0.3867821 0.4853536 0.3048512 0.2124818 0.4747967 0.864875 0.4677679 0.1203822 0.1261224 0.1328952 0.1389021 0.1871494 0.5984358 0.9935479 1.118258 0.2471826 0.2023072 0.3291899 0.2867681 0.1374186 0.1194068 0.1194068 0.1194068 6.194084 0.5262344 0.406895 0.4142312 0.4193563 0.4193563 0.3976335 0.3362991 0.3079186 0.2877412 3.679928 0.2316169
