static/data/demographic data in a grid format/gpw_v4_basic_demographic_characteristics_rev11_atotpopft_2010_cntm_1_deg.asc
ncols         360
nrows         180
xllcorner     -180
yllcorner     -90
cellsize      1
NODATA_value  -9999
[rows 32 to 63 of 180, columns 144 to 215 of 360]
-9999 -9999 -9999 -9999 -9999 -9999 -9999 -9999 -9999 -9999 -9999 -9999 -9999 -9999 -9999 -9999 -9999 -9999 -9999 -9999 -9999 -9999 -9999 -9999 -9999 -9999 -9999 10.72071 2671.99 4676.431 6121.35 66129.12 52501.78 217379.4 16390.49 -9999 -9999 -9999 -9999 -9999 -9999 -9999 2.111168 621.9312 4725.036 109107 73559.72 234231.9 307511.8 65669.66 115571.1 38288.24 38073.82 555.4954 28154.22 377.0308 -9999 27097.79 27748.89 19301.39 145685.4 62372.53 43700.36 41790.79 145509.3 24637.69 19696.65 26862.05 18514.5 35376.22 82850.34 50967.6
-9999 -9999 -9999 -9999 -9999 -9999 -9999 -9999 -9999 -9999 -9999 -9999 -9999 -9999 -9999 -9999 -9999 -9999 -9999 -9999 -9999 -9999 -9999 -9999 -9999 -9999 -9999 -9999 522.4341 1904.538 20598.6 27310.86 373003 158904.9 -9999 -9999 -9999 -9999 -9999 -9999 -9999 -9999 -9999 -9999 137373.6 229838.7 264441 892.551 214608.5 88354.9 128155.3 66865.08 49352.3 -9999 281.2152 -9999 2283.307 94173.95 91318.75 174782.5 345907.4 68376.9 44186.54 55131.41 28940.41 24571.51 76930.05 19509.32 24883.68 18693.84 59647.49 252945.5
-9999 -9999 -9999 -9999 -9999 -9999 -9999 -9999 -9999 -9999 -9999 -9999 -9999 -9999 -9999 -9999 -9999 -9999 -9999 -9999 -9999 -9999 -9999 -9999 -9999 -9999 -9999 5777.994 58714.68 59665.37 11856.04 987618.1 603009.8 96197.2 253180.2 -9999 -9999 -9999 -9999 -9999 -9999 -9999 -9999 -9999 121176.5 290514.8 226923.6 231184.8 1006312 299728.5 42375.66 4881.58 -9999 -9999 -9999 -9999 1385.204 210591.9 102681.3 142518.6 154027.5 79874.3 116641.4 59082.69 124383.5 53978.21 235289.8 28907.76 44319.44 51900.27 55612.71 77115.76
-9999 -9999 -9999 -9999 -9999 -9999 -9999 -9999 -9999 -9999 -9999 -9999 -9999 -9999 -9999 -9999 -9999 -9999 -9999 -9999 -9999 -9999 -9999 -9999 -9999 1006.606 18038 56734.69 154005.9 383346.8 375971.4 53414.18 148696.7 216144.9 1151427 125523.8 -9999 -9999 -9999 -9999 -9999 -9999 -9999 701.5789 66020.2 398443.9 317575.6 91791.34 175598.5 130424.9 5006.97 65972.99 155478.4 169244.7 683353.7 173028.5 397725.9 132252.2 124985.4 289887.5 152862.7 395780.6 124119.3 108051.8 171960.3 64414.71 136552.4 66654.6 211409.1 65921.22 48307.23 74110.62
-9999 -9999 -9999 -9999 -9999 -9999 -9999 -9999 -9999 -9999 -9999 -9999 -9999 -9999 -9999 -9999 -9999 -9999 -9999 -9999 -9999 -9999 -9999 -9999 -9999 2919.468 92050.75 110052.4 154425.7 918424.4 2.046738 66647.38 539149.3 3123575 2443758 667766.4 52544.21 -9999 -9999 -9999 6916.003 168806.1 378365.6 359793.2 802717.9 952402 1136340 239239.9 146560.3 168811.4 435696 174665.8 185628.6 271147 574596.2 250657.9 264933 179641.2 202674.3 446902.3 116975 178012 162856 1161486 86966.33 171870 265103 66920.97 60478.05 75924.3 358350.5 54732.45
-9999 -9999 -9999 -9999 -9999 -9999 -9999 -9999 -9999 -9999 -9999 -9999 -9999 -9999 -9999 -9999 -9999 -9999 -9999 -9999 -9999 -9999 -9999 -9999 -9999 4549.354 95875.91 190335 161741 138605.9 342.9619 62993.84 104120.1 1150858 2508252 962114.5 508792.3 501141.5 -9999 -9999 1971227 1357823 950908.4 636664 883539.4 958282.5 677723.4 356079.5 241640.4 2231908 219241.1 252578.4 598297.4 403423.6 410025.2 389017.6 885914.8 962241.8 235339.6 303758.7 112371.1 99915.48 154540 130575.1 66978.82 139902.1 278430.7 213878.7 121912 82458.73 62409.98 120538.1
-9999 -9999 -9999 -9999 -9999 -9999 -9999 -9999 -9999 -9999 -9999 -9999 -9999 -9999 -9999 -9999 -9999 -9999 -9999 -9999 -9999 -9999 -9999 -9999 -9999 3776.742 26734.39 182041.3 6870.928 -9999 14133.7 211349.2 939311.3 1145595 786809.9 5330006 2388290 338192.4 185937.5 637417.7 2385548 1717670 2806467 2913165 825952.9 643266 466107.7 558849.5 795234.8 609874.4 415699.8 381650.1 606840.9 539852.1 365818.8 867455.7 344046.6 460952.5 521771.9 166845.7 149847.3 133102 138010.2 78179.3 78222.35 59184.43 67608.39 282984.3 96071.7 209297 99575.78 123946.8
-9999 -9999 -9999 -9999 -9999 -9999 -9999 -9999 -9999 -9999 -9999 -9999 -9999 -9999 -9999 -9999 -9999 -9999 -9999 -9999 -9999 -9999 -9999 -9999 -9999 -9999 -9999 -9999 -9999 -9999 140014.7 303038.2 356179.9 207685.7 845182.8 460718.8 232671.2 270523.6 840294.3 1755763 1931055 1088890 1171198 1403902 1807173 507653.5 529479.6 554649.4 866954.2 530428.6 1175545 582638.9 518063.7 407250.9 1259848 1333428 632027.9 547206.3 435510 281740.9 292353.2 337583.3 367891.7 188749.6 314839.6 165646 1859924 174507.8 152643 137999 299675.3 139112.9
-9999 -9999 -9999 -9999 -9999 -9999 -9999 -9999 -9999 -9999 -9999 -9999 -9999 -9999 -9999 -9999 -9999 -9999 -9999 -9999 -9999 -9999 -9999 -9999 -9999 -9999 -9999 -9999 -9999 1098.475 780.7875 -9999 -9999 80680.7 168743.8 248501.6 439393.4 615819.9 864558.1 339637 296306 306442.5 1036894 776414.2 1977691 799972.9 627008.4 799219.6 369763.4 339250.4 380117.5 321213.3 597870.7 588788.5 1056960 673013.3 606131.9 459349.6 280883.2 618160.2 569617.1 381784.2 279247.8 244008.6 466208.9 158368 299039.3 237118 268740.1 312285.3 293984.5 144069.7
-9999 -9999 -9999 -9999 -9999 -9999 -9999 -9999 -9999 -9999 -9999 -9999 -9999 -9999 -9999 -9999 -9999 -9999 -9999 -9999 -9999 -9999 -9999 -9999 -9999 -9999 -9999 -9999 -9999 -9999 461.6204 278322.3 194747.5 249630.9 488632 238195.1 243091.5 510969.6 5416424 223973.1 213263.2 146755.6 434796 969013.1 1075879 1737834 815297.3 1576838 549163 431422.7 543117.9 269762.1 1321252 730574.4 463780.1 319360.6 404313 504430 448112 326158.3 435469.1 493668.4 378052.7 278023.4 234117.6 209189.8 230883.4 135785.2 245108.4 270217.4 523408.5 560383.9
-9999 -9999 -9999 -9999 -9999 -9999 -9999 -9999 -9999 -9999 -9999 -9999 -9999 -9999 -9999 -9999 -9999 -9999 -9999 -9999 -9999 -9999 -9999 -9999 -9999 -9999 -9999 -9999 -9999 -9999 -9999 61118.03 200737.1 339194.2 621097.6 428402.9 437356.3 345647.8 235807.2 158637.5 115665.6 302970.7 434076.7 1221436 1574225 891439.6 350212.4 458429.1 369635.4 313019.7 138785 390833.4 438014.3 368583 706863.9 1414134 304868.3 515324.8 322709.8 340877.5 217342.4 180878.7 478071.4 522397.8 599293.6 264684.1 101395.7 135822 111479 412436.8 269115.9 564173.9
-9999 -9999 -9999 -9999 -9999 -9999 -9999 -9999 -9999 -9999 -9999 -9999 -9999 -9999 -9999 -9999 -9999 -9999 -9999 -9999 -9999 -9999 -9999 -9999 -9999 -9999 -9999 -9999 -9999 -9999 -9999 -9999 -9999 16159.12 342608.7 279046.8 239561.2 147586.1 133888 191243.9 378440 262813.8 945750.7 549175.3 221507.3 216057.3 103500.6 406108.8 178044 296848.3 525393.6 506085.5 396855.5 250994.6 387957.6 320288.1 344001.8 326821.5 129204.8 423482.9 358473 189298.2 431959.4 293568.5 431897.9 389733.5 788577.1 102511.4 521474 174130.5 93569.99 140721.4
-9999 -9999 -9999 -9999 -9999 -9999 -9999 -9999 -9999 -9999 -9999 -9999 -9999 -9999 -9999 -9999 -9999 -9999 -9999 -9999 -9999 -9999 -9999 -9999 -9999 -9999 -9999 -9999 -9999 -9999 -9999 -9999 -9999 -9999 55671.63 280888.1 250951.8 286030.2 82022.54 364466 1358436 794060.1 262451 1048515 1287624 3270791 1054506 1294990 988554.3 415505.9 255376 515004.8 437595.1 214189.9 344295.5 476921.3 277690.3 383235.6 184033.1 249185.6 330169.8 511139.7 298006.9 437985.9 385884.5 103701.1 6993.099 -9999 10173.84 218578.7 212770.1 100826.5
-9999 -9999 -9999 -9999 -9999 -9999 -9999 -9999 -9999 -9999 -9999 -9999 -9999 -9999 -9999 -9999 -9999 -9999 -9999 -9999 -9999 -9999 -9999 -9999 -9999 -9999 -9999 -9999 -9999 -9999 -9999 -9999 -9999 -9999 70105.15 612856.8 258916.5 185103.8 174003.9 82576.09 443737 131610.9 86795.85 443993.2 789129.2 361176.9 887726.6 888293.9 424692.5 41064.36 17441.98 122531.8 164203.2 373106.5 464961.4 379183.5 1202601 210468.8 214568.6 380270.7 438513.3 577080.1 1386275 205097.6 318958.7 1477.766 -9999 -9999 -9999 271271.3 338309.1 12389.51
-9999 -9999 -9999 -9999 -9999 -9999 -9999 -9999 -9999 -9999 -9999 -9999 -9999 -9999 -9999 -9999 -9999 -9999 -9999 -9999 -9999 -9999 -9999 -9999 -9999 -9999 11144.74 375708.8 119428.8 66245.09 478833.8 88095.44 386592.4 646584.1 390228.9 304736.7 203521.8 739683.6 279107.2 535078 486625.4 1247348 408480.2 565477.6 31961.88 229.5953 725461.3 862733.8 508746.9 504789.2 -9999 40268.34 235322.8 241540.2 316595.3 164315 321495.3 472836.7 163451.3 213506.5 267899.8 282190.8 269952.6 364341.7 81633.88 -9999 -9999 -9999 -9999 -9999 -9999 -9999
-9999 -9999 -9999 -9999 -9999 -9999 -9999 -9999 -9999 -9999 -9999 -9999 -9999 -9999 -9999 -9999 -9999 -9999 -9999 -9999 -9999 -9999 -9999 -9999 -9999 -9999 26511.24 681085.1 198878.7 99711.52 176430.5 57238.96 133666.5 331095.6 296142.2 59373.51 46963.57 125671.5 349983.2 77048.34 -9999 -9999 1793.453 -9999 16740.52 72849.15 56889.8 177526.7 579227.6 404941.7 350792.1 362.9719 5945.943 19861.69 125124.7 261182.1 555343.9 634015.7 158125.4 873629.2 434307.8 300936.1 191710.9 209429.6 1.79505 -9999 -9999 -9999 -9999 326.3124 3931.592 4000.332
-9999 -9999 -9999 -9999 -9999 -9999 -9999 -9999 -9999 -9999 -9999 -9999 -9999 -9999 -9999 -9999 -9999 -9999 -9999 -9999 -9999 -9999 -9999 -9999 -9999 -9999 -9999 1542113 206690.4 60520.64 99082.13 318790.2 47971.6 39439.42 188857.2 316037.2 213321.7 802471.9 2402279 48733.8 -9999 -9999 -9999 -9999 52094.93 36452.79 -9999 1.678586 1960347 502256.3 628543.8 375479.8 598136.8 23113.63 -9999 631568.1 354917.9 402400.1 224849.3 203698.1 190770.5 237547.5 214869.4 377026.4 3858590 1445690 48141.67 258136.7 283698.6 118495.7 132668.3 197650.2
-9999 -9999 -9999 -9999 -9999 -9999 -9999 -9999 -9999 -9999 -9999 -9999 -9999 -9999 -9999 -9999 -9999 -9999 -9999 -9999 -9999 -9999 -9999 -9999 -9999 -9999 -9999 600452.3 245320.8 68318.31 179193.6 255536 3307032 34367.92 52607.53 78714.53 149561.8 -9999 -9999 7354.811 2273.053 -9999 -9999 -9999 197483.4 133092.8 -9999 -9999 1570.825 35132.84 2168605 354100.1 297450.1 602326.4 312893.5 288158.6 178151.1 168686.7 722322.8 143648.8 69464.96 40328.39 161599.4 204302.5 716330.9 2654372 619890.8 267878.3 663068.5 156757 205620.3 243031.9
-9999 -9999 -9999 -9999 2028.715 -9999 -9999 1512.701 720.5021 -9999 -9999 -9999 -9999 -9999 -9999 -9999 -9999 -9999 -9999 -9999 -9999 -9999 -9999 -9999 -9999 -9999 151417.2 419535.1 90657.7 142127.3 72156.74 142434.1 200826.6 101964 92493.7 1267569 7583.02 14219.74 324039 104023.5 28108.56 -9999 -9999 -9999 203529.2 280182.7 -9999 -9999 -9999 -9999 -9999 44958.97 376086 49331.2 80020.17 55021.29 157914.3 138305.9 248479.9 24029.3 567.9916 10108.11 207608.3 407681.2 201560.5 236183.3 433176.5 64099.67 1406724 418661.3 156572 175849.5
-9999 -9999 -9999 -9999 -9999 -9999 -9999 18345.77 30114.37 -9999 -9999 -9999 -9999 -9999 -9999 -9999 -9999 -9999 -9999 -9999 -9999 -9999 -9999 -9999 -9999 -9999 1343475 216187.5 132092.5 204211.9 75570.8 93474.17 189592.1 54779.91 293683 931753.3 69282.86 53243.32 -9999 -9999 -9999 -9999 -9999 -9999 3721.612 72.61424 -9999 -9999 64744.77 519299.1 79605.66 402374.4 329284 7325.335 -9999 -9999 48832.06 238104.1 147604.8 952180.5 23251.76 1705.16 199530 1968599 355719.6 258906.1 278042.9 173495.1 227291.8 160675.1 323590.3 556699.8
-9999 -9999 -9999 -9999 -9999 -9999 -9999 -9999 -9999 -9999 69557.13 -9999 -9999 -9999 -9999 -9999 -9999 -9999 -9999 -9999 -9999 -9999 -9999 -9999 -9999 -9999 -9999 174252.5 178359.4 457828.3 661280.1 452413.6 485789.1 87797.2 389253.9 194357.1 -9999 -9999 -9999 -9999 -9999 -9999 25850.13 5647.969 3057.841 205128.9 55420.12 2655.065 159319.4 353313.3 437009.8 561848.8 2307.386 -9999 -9999 -9999 18988.91 111495.1 182720.5 1149949 38005.68 24201.44 27860.6 425833.7 313629.1 388341.7 416239.8 159610.8 403341.9 177899 318898.7 411029.3
-9999 -9999 -9999 -9999 -9999 -9999 -9999 -9999 -9999 -9999 2761.197 -9999 -9999 -9999 -9999 -9999 -9999 -9999 -9999 -9999 -9999 -9999 -9999 -9999 -9999 -9999 -9999 0 509.7009 361378 376337.3 654403.6 112421.8 230334.8 2394.688 -9999 266797 644600.8 1342973 2308062 1042698 1022829 1284825 941222.5 432089.4 384341.8 1558844 33380.7 714.4929 -9999 170162 43343.99 -9999 -9999 -9999 -9999 -9999 9762.21 28321.35 5551.513 4318.263 11315.15 5022.229 38414.26 131416.3 159632.6 442850.4 80757.08 202163 136864.1 458560.9 738675.2
-9999 -9999 -9999 -9999 -9999 -9999 -9999 -9999 -9999 -9999 -9999 -9999 -9999 -9999 -9999 -9999 -9999 -9999 -9999 -9999 -9999 -9999 -9999 -9999 -9999 -9999 -9999 -9999 -9999 111590.1 1026363 95025.48 188629.1 237214.8 274743.1 1141773 849163 477570.2 249129.2 206773.2 370662.4 521568.3 473567 377912.7 354937.2 329926 864696.9 44307.06 2941.039 -9999 192907 -9999 -9999 -9999 -9999 -9999 -9999 -9999 -9999 25917.46 112979.4 161663.9 9353.411 3397.677 -9999 -9999 -9999 -9999 21592.02 272632.8 25975.66 418423.8
-9999 -9999 -9999 -9999 -9999 -9999 -9999 -9999 -9999 -9999 -9999 -9999 -9999 -9999 -9999 -9999 -9999 -9999 -9999 -9999 -9999 -9999 -9999 -9999 -9999 -9999 -9999 -9999 -9999 990195.3 942755.3 798533.3 214082.1 311389 591871 118264.9 144799.8 60875.27 151938.3 322342.8 88958.6 289885.8 63844.3 58411.77 198161.3 196509 380104.4 7256.721 -9999 -9999 -9999 -9999 -9999 -9999 -9999 -9999 -9999 -9999 -9999 1.575108 1305.849 2244.821 22.64605 -9999 -9999 -9999 -9999 -9999 80995.82 153425.4 1525.721 540569.2
-9999 -9999 -9999 -9999 -9999 -9999 -9999 -9999 -9999 -9999 -9999 -9999 -9999 -9999 -9999 -9999 -9999 -9999 -9999 2765.088 -9999 -9999 -9999 -9999 -9999 -9999 -9999 258034.5 2434798 811777.4 753895.6 253864.7 69855.16 14301.22 13027.86 46504.57 31591.64 34442.47 97137.99 49688.02 20363.61 113495.9 241241.1 50336.61 48903.91 91995.21 304093.5 39570.17 -9999 -9999 -9999 -9999 -9999 -9999 -9999 -9999 -9999 -9999 -9999 -9999 -9999 -9999 -9999 -9999 -9999 -9999 -9999 -9999 -9999 -9999 -9999 2322264
-9999 -9999 -9999 -9999 -9999 -9999 -9999 -9999 -9999 -9999 -9999 -9999 -9999 -9999 -9999 -9999 -9999 -9999 23115.16 115630.2 -9999 -9999 -9999 -9999 -9999 -9999 247415.9 497975.3 442653.9 795345.6 207021.5 102096.2 28674.97 9414.206 27132.06 37560.05 22614.23 12699.13 13063.55 96292.35 91628.19 41365.86 40166.34 3765.968 4453.125 12142.24 47746.51 121135.5 288960.6 874020.6 104078.5 12751.05 -9999 -9999 -9999 117.7258 89830.02 98187.74 34324.62 5765.21 76.05915 -9999 -9999 -9999 -9999 -9999 -9999 -9999 -9999 -9999 1314392 2587543
-9999 -9999 -9999 -9999 -9999 -9999 -9999 -9999 -9999 -9999 -9999 -9999 -9999 -9999 -9999 -9999 -9999 -9999 -9999 -9999 -9999 -9999 -9999 -9999 -9999 -9999 264910 432618.1 837138.4 203614.1 133887.8 158652.7 17537.11 48870.69 52539.61 2642.637 1970.527 19279.38 8469.18 6017.725 24865.4 28958.23 2274.89 376.459 376.459 1795.488 6699.303 11269.98 21720.19 63839.06 101773.9 37709.21 2258.167 505.885 -9999 6979.069 234709 127665.1 40739.84 12732.74 11136.37 10588.95 42032.84 64055.39 3538.532 1330989 2954416 2940842 416853.8 80428.07 1674370 2088515
-9999 -9999 -9999 -9999 -9999 -9999 -9999 -9999 -9999 -9999 -9999 -9999 -9999 -9999 -9999 -9999 -9999 -9999 -9999 0 0 -9999 -9999 -9999 -9999 -9999 807744.6 257704.8 82630.31 118175.6 93564.82 3505.691 3639.453 7513.533 4280.142 3624.535 3098.953 6037.541 6045.364 5938.472 3691.199 3446.239 2964.802 464.211 518.9327 2418.545 7406.987 8854.702 21949.18 28627.12 44191.2 10442.55 10442.55 10069.08 5358.513 2106.171 4963.138 5045.393 8356.685 10730.11 9694.442 11.01224 0 1862.296 9842.55 301670 2801106 1.260904e+07 707121.4 20623.38 29498.57 118567.5
-9999 -9999 -9999 -9999 -9999 -9999 -9999 -9999 -9999 -9999 -9999 -9999 -9999 -9999 -9999 -9999 -9999 -9999 -9999 -9999 -9999 -9999 20289.74 -9999 -9999 61310.69 197396.3 36326.02 22102.19 5624.38 4070.003 422.282 479.4153 3984.895 4473.424 13330.88 11763.35 12379.29 3633.987 3525.922 3272.066 1659.959 434.6536 438.572 679.8419 2828.97 8102.588 8884.266 22171.48 22171.48 14351.11 6074.001 7045.576 8465.207 8573.729 5096.415 5096.492 5096.492 5096.492 10752.39 10056.55 6157.506 5357.818 0 0 0 1501702 3083763 144408.1 8192.261 10004.69 69259.81
-9999 -9999 -9999 -9999 -9999 -9999 -9999 -9999 -9999 -9999 -9999 -9999 -9999 -9999 -9999 -9999 -9999 100.7987 51451.65 434066.8 276106.2 20951.98 72763.24 80.99853 38144.48 29827.41 17070.36 4665.979 576.2492 210.1917 210.1917 283.539 467.7007 1803.337 5832.799 24873.85 10217.98 5003.984 3874.681 2837.309 829.1396 515.7615 391.2756 391.2756 734.6401 2176.224 4867.824 4656.639 4977.273 4939.232 4118.162 2824.273 2547.416 2678.358 5025.289 4983.847 5146.039 5144.016 5146.039 10103.42 10548.67 0 83.93349 0 13570.91 2650.91 1846299 32010.28 9675.395 14148.98 26194.66 39671.07
-9999 -9999 -9999 -9999 -9999 -9999 -9999 -9999 -9999 -9999 -9999 -9999 -9999 -9999 -9999 -9999 -9999 2203.115 2917.72 126.1666 140800 -9999 99494.02 4541.782 674.9163 390.3572 342.8777 2431.471 3574.506 3307.26 1084.543 212.1514 461.4383 10081.87 10892.93 31713.66 7403.363 5684.645 3398.045 677.8567 573.1815 510.7236 462.1936 832.7032 1297.045 2195.119 3313.703 4279.579 4870.275 6405.972 15921.87 30470.2 4720.479 2571.167 2571.167 4691.343 5105.238 5136.016 5143.196 5097.502 5017.642 0 0 4130.798 1914.425 0 1403956 950555 1724.284 57723.75 9965.119 10090.69
-9999 -9999 -9999 -9999 -9999 -9999 -9999 -9999 -9999 -9999 -9999 -9999 -9999 -9999 -9999 -9999 -9999 -9999 -9999 -9999 -9999 20535.71 6997.835 339.3529 26794.13 41.64301 35.26913 185.7951 1544.817 3468.61 3814.633 3019.386 1860.698 3861.825 3623.185 2285.897 8799.067 10807.13 3365.081 2967.136 437.2328 483.9547 737.6174 1275.275 1275.275 1686.984 2660.245 6296.372 12434.48 12715.83 22140.95 5592.65 1984.761 2457.771 2387.457 983.1391 662.4445 662.4445 662.4445 662.4445 662.4432 0 0 6552.051 0 0 0 2090868 1053502 27623.47 4536.333 53.17242
