static/data/demographic data in a grid format/gpw_v4_basic_demographic_characteristics_rev11_atotpopmt_2010_cntm_1_deg.asc
ncols         360
nrows         180
xllcorner     -180
yllcorner     -90
cellsize      1
NODATA_value  -9999
[rows 64 to 95 of 180, columns 144 to 215 of 360]
-9999 -9999 -9999 -9999 -9999 -9999 -9999 -9999 -9999 -9999 -9999 -9999 -9999 -9999 -9999 -9999 -9999 -9999 -9999 -9999 -9999 416.8332 312.5902 179.1101 248.392 248.4544 248.2923 248.4422 248.6412 468.3271 1765.653 1041.417 992.5088 1003.678 1003.901 1003.901 1003.901 1884.352 1495.521 2115.646 254.104 470.2529 780.0688 1288.337 1073.142 1709.569 2746.323 5517.418 5210.814 2140.753 1680.924 1680.924 1680.924 1680.924 1680.924 856.9376 687.7813 687.7813 687.7813 687.7813 687.7799 0 0 0 35487.09 8080.852 38674.32 0 993630.2 19931.84 7560.013 -9999
-9999 -9999 -9999 -9999 -9999 -9999 -9999 -9999 -9999 -9999 -9999 -9999 -9999 -9999 -9999 -9999 -9999 -9999 -9999 -9999 689.5477 637.7715 107.2887 62.40161 164.1044 164.1041 164.1039 164.1036 164.1034 334.6881 495.1181 590.705 850.4645 934.0731 952.426 971.981 993.1595 768.2885 256.1661 256.1661 256.1661 411.2908 515.8547 555.6007 862.538 1682.4 2101.881 1989.621 1694.66 1694.66 1694.66 1694.66 1694.66 1694.66 1694.66 868.3621 693.4018 693.4018 693.4018 693.4018 693.4005 0 0 0 0 0 5977.995 0 340996 140714.2 1554.249 781.6016
-9999 -9999 -9999 -9999 -9999 -9999 -9999 -9999 -9999 -9999 -9999 -9999 -9999 -9999 -9999 -9999 -9999 -9999 -9999 929.8861 51282.41 666.83 15.82823 64.60717 165.3729 165.3729 165.3729 167.9033 183.4841 324.4511 498.9807 498.9807 507.2511 704.4312 920.0717 934.9038 934.9038 648.4273 466.4746 421.2674 462.9708 5872.983 617.5815 454.863 1138.341 940.7262 1544.623 1357.662 1155.428 1505.72 1707.864 1546.111 1473.328 1707.881 1707.881 879.5923 698.8112 698.8112 698.8112 698.8112 698.8099 0 0 0 0 0 2244.618 0 65530.7 4143.669 1178.294 2992.896
-9999 -9999 -9999 -9999 -9999 -9999 -9999 -9999 -9999 -9999 -9999 -9999 -9999 -9999 -9999 -9999 -9999 -9999 -9999 1063.885 1422.722 278.3059 19.72717 23588.06 166.6026 166.6536 176.7363 191.7388 193.6066 438.0389 518.7095 502.6912 502.6912 502.6912 568.3731 837.7955 941.856 828.3332 745.8533 745.8533 1002.388 13398.02 6106.589 285.8682 285.8682 391.8816 1129.14 363.3793 361.9367 393.0465 625.5021 1006.852 664.9279 916.355 1426.182 889.3961 704.0077 704.0077 704.0077 704.0077 704.0063 8.531333 10.51719 11.97807 12.31433 8.591125 11.53916 7415.379 49.19321 31.30939 243.452 4360.629
-9999 -9999 -9999 -9999 -9999 -9999 -9999 -9999 -9999 -9999 -9999 -9999 -9999 -9999 -9999 -9999 -9999 -9999 3020.981 1925.395 797.2499 1035.86 1135.801 979.6072 180.2228 187.7942 194.9767 194.9767 234.5281 531.5388 606.3446 506.2486 506.2486 506.2486 506.2486 589.5265 959.0917 1418.747 705.9006 691.1326 3178.699 13954.89 7566.456 572.7139 710.8337 1129.546 1152.508 364.4981 364.498 364.4981 364.4981 887.2473 900.0942 653.6882 653.6882 668.8115 692.6996 712.2854 708.9897 708.9897 708.9917 1735.754 1735.769 1735.769 1735.769 1735.756 1724.565 1669.475 10224.46 14252.44 12798.14 12791.76
-9999 -9999 -9999 -9999 -9999 -9999 -9999 -9999 -9999 -9999 -9999 -9999 -9999 -9999 -9999 -9999 -9999 -9999 57069.26 444.8686 2306.596 3092.372 14189.6 3642.625 370.1814 364.9758 378.9735 392.9671 452.6083 525.0533 742.5405 539.6177 509.6518 509.6642 514.5884 785.9081 974.9534 1752.872 1324.325 604.2233 828.0886 1187.14 2471.625 8225.127 1171.551 1171.094 1161.799 366.9484 366.9484 366.9484 366.9484 534.3313 1123.708 790.7648 658.0825 658.7141 1085.268 1978.321 1164.781 714.663 713.7576 2975.983 2966.423 2955.629 2949.655 2947.257 2917.827 2941.186 11323.6 14309.4 12158.33 12334.68
-9999 -9999 -9999 -9999 -9999 -9999 -9999 -9999 -9999 -9999 -9999 -9999 -9999 -9999 -9999 -9999 -9999 -9999 -9999 1101.088 2855.785 3023.187 4280.78 1634.095 3652.951 346.6689 314.9071 332.6806 517.6951 522.3509 743.0635 694.957 512.8997 1020.027 1693.908 570.2222 2404.765 4483.668 2391.458 805.6749 1431.849 2797.309 9206.8 9776.089 1402.368 1178.557 1170.756 369.2869 369.2869 369.2869 369.2869 601.9384 1067.199 675.5389 662.2764 1478.719 2320.919 2322.28 2322.28 1945.533 5580.845 5581.052 5581.052 10231.54 14848.91 14770.93 56180.34 17297.74 20051.31 14782.75 11757.51 11781.41
-9999 -9999 -9999 -9999 -9999 -9999 -9999 -9999 -9999 -9999 -9999 -9999 -9999 -9999 -9999 -9999 -9999 -9999 -9999 90900.88 320309.6 5960.573 7057.974 10784.83 8649.828 1171.456 254.6635 391.8824 525.4996 525.4996 717.6353 1723.563 938.5869 1185.883 3577.083 7804.745 5504.3 12022.1 3815.024 778.3341 3784.782 4843.392 9770.78 8934.589 2070.005 1312.918 2363.719 371.5129 371.5129 371.5129 371.5129 688.9999 1572.238 1692.421 1695.211 3126.54 2387.466 2336.278 2336.278 2336.278 5614.294 5614.694 5614.694 8066.179 10525.62 10475.25 11332.77 37237.48 52694.07 43075.46 24371.06 41991.84
-9999 -9999 -9999 -9999 -9999 -9999 -9999 -9999 -9999 -9999 18502.84 3458.393 -9999 -9999 -9999 -9999 -9999 -9999 -9999 5709.733 47067.7 18481.46 28704.14 29778.62 15721.17 7604.815 3677.262 2272.336 531.3894 528.4882 776.7272 903.5407 3434.152 3754.313 16091.69 13377.24 10066.48 7702.518 1295.766 1620.989 3964.874 4805.018 5673.193 22228.86 41526.51 27681.74 19493.49 983.3003 1884.775 2305.275 2320.562 1991.311 1923.179 1923.337 3808.058 7417.478 4906.694 2349.565 2427.598 2513.019 5646.24 5646.626 5646.626 6425.923 7191.417 10854.01 19730.81 27212.13 64533.88 64620.61 52792.85 59797.74
-9999 -9999 -9999 -9999 -9999 -9999 -9999 -9999 -9999 -9999 12000.95 34155.82 -9999 19073.4 -9999 -9999 -9999 -9999 -9999 99932.52 164257 128398.7 113356.5 75798.42 57303.1 37314.18 30822.05 25886.06 40084.1 6940.952 9787.08 16673.49 142178.8 40065.15 19690.66 91999.16 28305.17 8797.228 3526.051 2506.682 8069.556 23701.63 24418.77 7254.955 10706.09 5111.675 3293.926 3140.075 2361.757 2361.757 2817.149 6858.109 4415.859 2040.705 5793.419 7670.82 4938.437 2362.136 21883.72 28158.81 8662.213 5676.838 5966.747 14121.17 15218.98 20739.52 22979.59 236700.5 616720.6 196677.7 77316.45 78683.13
-9999 -9999 -9999 -9999 -9999 -9999 -9999 -9999 -9999 -9999 -9999 1679.134 123046.4 248.5977 -9999 -9999 -9999 -9999 1774.153 416855.9 166161.5 76455.56 162212.5 140118.7 73484.19 93202.22 123851.6 62463.27 58095.98 39390.79 35233.49 81062.09 114773.6 35041.11 25562.89 17695.08 54780.86 36796.11 26378.01 36859.72 68388.53 115057.6 73484.11 28492.23 56696.86 56683.96 3157.418 3154.624 2373.606 2485.865 7763.939 9462.938 10237.74 11289 13456.46 21289.1 29211.77 42963.27 46549.44 26063.11 10411.86 5705.32 5718.872 20637.41 21155 24124.52 29865.63 38918.16 1930926 467224.2 89786.37 231518.5
-9999 -9999 -9999 -9999 -9999 -9999 -9999 -9999 -9999 -9999 -9999 19551.87 11875.63 -9999 -9999 -9999 -9999 -9999 1573839 1182877 576095.2 101416.1 74459.8 105521.1 194211.1 107255.3 109079.7 43024.38 53561.11 73368.05 154701.6 225152.8 274461.8 128573.8 112472.7 165069.4 170514.6 199456.8 118615.1 120073.8 222573.7 497389.6 400527.6 290809.7 183352.4 185262.9 45952.28 21805.54 30919.9 37813.75 28762.86 51785.65 15485.34 15045.51 23893.47 32403.17 64024.9 87298.09 91269.58 61780.98 29123.21 76453.7 43474.81 25178.34 21737.66 39132.02 58908.29 120852.3 547891.9 832540.4 123651.9 190656
-9999 -9999 -9999 -9999 -9999 -9999 -9999 -9999 -9999 -9999 -9999 -9999 -9999 -9999 -9999 -9999 -9999 -9999 -9999 763393.7 441663.1 264642.9 143612.8 71305.68 62027.55 62873 94953.47 88070.67 193248.9 316549.8 289176.5 282834.7 229103 400774.6 399585.3 305812.7 208623.8 228273.9 763414.4 321171 347312.4 1139886 593805.6 924095.9 916571.3 432681.8 153692.1 122404.4 146524.9 199230 103805.6 191093.4 80153.48 45661.81 26048.04 35943.57 91695.73 159727 241904.7 251320.2 300615.6 184386.7 50172.48 67448.38 93055.73 151300.5 204888.5 160643.7 494619.3 399221.4 203641 150953.5
-9999 -9999 -9999 -9999 -9999 -9999 -9999 -9999 -9999 -9999 -9999 -9999 -9999 -9999 -9999 -9999 -9999 -9999 -9999 236985.5 321096.9 259652.6 142415.6 88258.08 68379.83 52597.22 74824.03 560644.3 1000305 241789.2 381878 275386.9 268680.5 484943.5 1476683 486276.7 185220.5 119175.3 198004.6 398636.3 842121.4 704203.9 905904.4 1539065 2743571 1004676 875492.8 268257.1 259042.9 336106.5 525489.4 496787.3 83213.16 71480.06 82633.5 54361.57 41399.56 105431.4 160621.1 127234.8 292459.7 238298.8 72128.95 102723.1 101669.8 112776 185140 132596.4 169561.8 134592.2 240959.5 94911.23
-9999 -9999 -9999 -9999 -9999 -9999 -9999 -9999 -9999 -9999 -9999 -9999 -9999 -9999 -9999 -9999 -9999 -9999 -9999 15910.01 301570.6 90721.56 117874.3 401875.1 120767.6 84382.23 218454.2 212579.9 168721.6 205374.4 316906 566310.8 293538 252143.7 264922.1 507840.8 255177.9 153251.9 182733 303409.4 559623.1 532223.5 460792.2 1781488 3333043 1236288 1011970 512213.4 249441.1 776216 419947.9 135545.7 51424.12 54001.15 66721.38 34909.96 40367.46 42354.02 77084.98 156356.4 390474.4 275645.1 178800 94326.99 69650.94 70103.49 76739.59 62748.97 62781.59 82251.82 172753.9 42576.02
-9999 -9999 -9999 -9999 -9999 -9999 -9999 -9999 -9999 -9999 -9999 -9999 -9999 -9999 -9999 -9999 -9999 -9999 -9999 -9999 2152.281 197569.6 221285.4 266428.7 135394.4 106882.6 223991.1 92787.67 79664.19 200796 266287.2 248000.3 212269 267632.8 216236 524761.5 451713.4 261793.8 184839.3 172273 226837.5 307684.5 321551 1124420 721051.6 491131.8 508373.5 911334.5 429319.2 971559.3 744447.3 266397.5 93718.19 62670.95 33339.73 34228.41 37751.49 10646.34 11338.77 109851.6 212218.7 91308.38 134840.9 79249.26 48665.21 40761.07 39088.25 45406.37 59465.26 61308.26 126604.2 79401.68
-9999 -9999 -9999 -9999 -9999 -9999 -9999 -9999 -9999 -9999 -9999 -9999 -9999 -9999 -9999 -9999 -9999 -9999 -9999 -9999 -9999 47.96411 1032901 293991.4 147904.5 161734.8 117214.2 72512.87 85406.91 145405.9 359146.8 79078.34 82693.23 162762.9 98991.14 407699.8 274322.9 426950.6 279309.7 177265.4 170598.2 449466.1 614180.9 1031873 1344743 789567 288923 689171.6 712340.9 521690.3 306581.5 399097.1 210722.6 156629.8 86230.4 52462.43 10249.36 7681.083 7017.834 40291.58 67357.86 5851.735 116986.1 184582.2 127926.5 114732.8 71976.16 152033.5 52367.91 59817.28 297215.8 497890.8
-9999 -9999 -9999 -9999 -9999 -9999 -9999 -9999 -9999 -9999 -9999 -9999 -9999 -9999 -9999 -9999 -9999 -9999 -9999 -9999 -9999 -9999 635731.3 410657.6 341660.1 461927.1 176017.2 155585.6 104687.3 137594.8 172309.4 101472.5 90270.73 170543 112674.6 194854.8 289674.6 260675.8 257184 612891.1 1224265 572414.2 426452.5 759089.8 610877.4 435705.8 254274.9 374066.8 248497.8 177186.8 89141.04 254423.3 314843.8 249786.1 106474.3 7617.094 5679.386 5985.103 3088.71 15650.7 16426.51 5867.934 50159.55 135680.6 184235 119533.5 104998.6 99228.2 120163.3 183524.9 315676.1 622715.1
-9999 -9999 -9999 -9999 -9999 -9999 -9999 -9999 -9999 -9999 -9999 -9999 -9999 -9999 -9999 -9999 -9999 -9999 -9999 -9999 -9999 -9999 293.6133 113701.8 537741.1 133424.6 166794.2 470424 482720.2 400530.7 427280.2 361859.1 257594.7 556694.8 473738.5 162596.7 442790 514109.1 607563.9 2088007 2725978 2346596 1113156 888460.3 919808.9 691669.1 230609.5 109423.3 57425.27 112650.6 89478.2 119609.3 125273.8 57271.9 42425.88 21276.51 3702.66 15337.06 8528.524 1560.451 594.5179 3700.884 17572.79 58328.89 87192.5 144391.3 83832.26 87848.51 97262.11 63994.6 28796.15 478813.4
-9999 -9999 -9999 -9999 -9999 -9999 -9999 -9999 -9999 -9999 -9999 -9999 -9999 -9999 -9999 -9999 -9999 -9999 -9999 -9999 -9999 -9999 -9999 -9999 33800.5 785283.4 163733 236226.1 424769.8 684236 694310.9 347422.8 423039.9 559242.5 1894383 780349.7 703514.2 1765501 1880190 6269913 807154.2 1101549 2250619 2640342 1215913 563304.1 564677.9 220663.9 76679.59 96170.43 80259.01 100002.7 64145.1 84265.61 35852.76 51641.07 9386.712 25874.79 11393.55 1850.534 2112.525 381.8402 21155.05 24517.23 52485.3 105862.3 124460.5 92572.65 67706.45 33088.52 30222.8 233670.2
-9999 -9999 -9999 -9999 -9999 -9999 -9999 -9999 -9999 -9999 -9999 -9999 -9999 -9999 -9999 -9999 -9999 -9999 -9999 -9999 -9999 -9999 -9999 -9999 -9999 21301.37 71862.38 74403.34 129836.4 566010.6 405283.7 1748099 1085186 395756.7 880071.9 2561983 246211.4 2143.724 -9999 -9999 11129.84 1261231 2375194 4824217 656791.4 292180.1 947423.3 101405.8 35307.67 74936.27 59866.43 56196.43 47387.55 34694.57 19509.06 53555.3 89289.38 47436.75 8962.606 8095.771 6226.718 18845.93 14550.01 36697.94 74939.34 48961.09 61830.42 107323 65986.79 94011.29 61120.5 37083.7
-9999 -9999 -9999 -9999 -9999 -9999 -9999 -9999 -9999 -9999 -9999 -9999 -9999 -9999 -9999 -9999 -9999 -9999 -9999 -9999 -9999 -9999 -9999 -9999 -9999 -9999 465.6741 27315.74 170199.5 180038 237.3633 -9999 -9999 44917.5 239311.8 -9999 -9999 -9999 -9999 -9999 -9999 239290.4 1359887 2636354 792533.7 1262548 121478.6 201187.1 67741.88 60647.84 72557.99 108995.3 57998.88 50343.88 531445.8 133575.9 128879.1 110387.5 79852.73 30108.04 29490.7 17234.46 14362.39 32571.26 66070.93 65350.34 158333.5 166429.5 139869.9 172261.5 69107.98 64331.79
-9999 -9999 -9999 -9999 -9999 -9999 -9999 -9999 -9999 -9999 -9999 -9999 -9999 -9999 -9999 -9999 -9999 -9999 -9999 -9999 -9999 -9999 -9999 -9999 -9999 -9999 -9999 -9999 -9999 -9999 -9999 -9999 -9999 -9999 -9999 -9999 -9999 -9999 -9999 -9999 -9999 -9999 -9999 -9999 164431.5 620539.4 128948.2 1451533 70524.94 38851.18 41584.39 44701.17 41040.54 51754.84 113465 341702.4 185924.8 122588.9 87125.94 39647.21 41093.09 47058.28 58688.28 67783.12 42085.79 110160.7 584640.8 630128 245539.4 173747.4 156969.8 84003.73
-9999 -9999 -9999 -9999 -9999 -9999 -9999 -9999 -9999 -9999 -9999 -9999 -9999 -9999 -9999 -9999 -9999 -9999 -9999 -9999 -9999 -9999 -9999 -9999 -9999 -9999 -9999 -9999 -9999 -9999 -9999 -9999 -9999 -9999 -9999 -9999 -9999 -9999 -9999 -9999 -9999 -9999 -9999 -9999 -9999 29853.6 128146.4 126055 57451.29 44791.52 28196.5 25700.92 18359.07 22710.99 173759.8 209037.9 193013.5 192357.9 183012.3 75060.72 56900.09 68877.7 67251.32 138661.3 109221.7 142348.7 992756.6 412555.3 753448.2 425564.7 196467.7 118480.1
-9999 -9999 -9999 -9999 -9999 -9999 -9999 -9999 -9999 -9999 -9999 -9999 -9999 -9999 -9999 -9999 -9999 -9999 -9999 -9999 -9999 -9999 -9999 -9999 -9999 -9999 -9999 -9999 -9999 -9999 -9999 -9999 -9999 -9999 -9999 -9999 -9999 -9999 -9999 -9999 -9999 -9999 -9999 3607.931 -9999 128218.8 152447 122400.4 22302.32 10202.24 11582.02 10902.14 13489.56 23099.89 60340.19 96376.44 109483.5 134388.8 64032.16 57535.87 69047.15 53710.87 31245.07 69728.23 55061.08 236554.4 631534.4 500507.8 399449.8 1057237 969166.9 422134.3
-9999 -9999 -9999 -9999 -9999 -9999 -9999 -9999 -9999 -9999 -9999 -9999 -9999 -9999 -9999 -9999 -9999 -9999 -9999 -9999 -9999 -9999 -9999 -9999 -9999 -9999 -9999 -9999 -9999 -9999 -9999 -9999 -9999 -9999 -9999 -9999 -9999 -9999 -9999 -9999 -9999 -9999 81102.74 -9999 -9999 365713.3 12890.09 14503.43 11156.28 11898.94 19537.21 15482.35 13333.55 25001.03 90493.98 87803.56 71598.12 73106.55 69939.41 85489.66 167150.5 340264.8 26575.1 31933.38 296781.1 1233907 971892.3 696482.9 2361486 1695349 2993838 1173257
-9999 -9999 -9999 -9999 -9999 -9999 -9999 -9999 -9999 -9999 -9999 -9999 -9999 -9999 -9999 -9999 -9999 -9999 -9999 -9999 -9999 -9999 -9999 -9999 -9999 -9999 -9999 -9999 -9999 -9999 -9999 -9999 -9999 -9999 -9999 -9999 -9999 -9999 -9999 -9999 -9999 -9999 25.10121 -9999 5951.856 96298.79 24185.47 11257.12 15860.61 15882.79 22242.26 21843.74 21720.29 41518.48 215751.3 73718.45 75132.12 77568.34 60902.18 66003.33 52075.05 37045.93 52887.39 48965.04 214633.9 645347.6 1104860 820128.5 50953.27 17537.09 2074593 1410824
-9999 -9999 -9999 -9999 -9999 -9999 -9999 -9999 -9999 -9999 -9999 -9999 -9999 -9999 -9999 -9999 -9999 -9999 -9999 -9999 -9999 -9999 -9999 -9999 -9999 -9999 -9999 -9999 -9999 -9999 -9999 -9999 -9999 -9999 -9999 -9999 -9999 -9999 -9999 -9999 -9999 2616.785 -9999 -9999 509.3994 25607.15 15169.84 20517.79 28991.69 133918.3 21872.4 23712.65 45240.08 97159.99 84094.65 58683.13 16662 25490.86 50405.01 49140.26 43857.04 38583.66 58288.08 79560.3 552569.3 2252610 1641305 585474.8 34022.82 320181.1 704315.5 159888.6
-9999 -9999 -9999 -9999 -9999 -9999 -9999 -9999 -9999 -9999 -9999 -9999 -9999 -9999 -9999 -9999 -9999 -9999 -9999 -9999 -9999 -9999 -9999 -9999 -9999 -9999 -9999 -9999 -9999 -9999 -9999 -9999 -9999 -9999 -9999 -9999 -9999 -9999 -9999 -9999 -9999 -9999 -9999 -9999 -9999 2327.492 17424.68 32644.6 40469.24 41678.22 28667.89 23865.41 124198.4 60412.48 67193.54 55693.73 37913.58 24119.89 2237.012 536.5266 4249.796 114108.2 75164.15 77884.03 1271342 2207954 1459797 353476.6 872747.1 742526.6 190625.4 59544.4
-9999 -9999 0 1292 -9999 -9999 -9999 -9999 -9999 -9999 -9999 -9999 -9999 -9999 -9999 -9999 -9999 -9999 -9999 -9999 -9999 -9999 -9999 -9999 -9999 -9999 -9999 -9999 -9999 -9999 -9999 -9999 -9999 -9999 -9999 -9999 -9999 -9999 -9999 -9999 -9999 -9999 -9999 -9999 -9999 -9999 2181.806 22894.75 56275.11 50610.61 39448 23294.17 45095.97 144135.8 67733.95 60006.16 37681.52 33379.14 2700.814 -9999 6127.808 71973.82 148265.5 104331.1 328829.5 1971077 859477.9 245543 593524.8 554691.8 198956.1 238948.4
-9999 -9999 -9999 -9999 -9999 -9999 -9999 -9999 -9999 -9999 -9999 -9999 -9999 -9999 -9999 -9999 -9999 -9999 -9999 -9999 -9999 -9999 -9999 -9999 -9999 -9999 -9999 -9999 -9999 -9999 -9999 -9999 -9999 -9999 -9999 -9999 -9999 -9999 -9999 -9999 -9999 -9999 -9999 -9999 -9999 -9999 -9999 324087.8 91261.64 181417.8 99548.8 3809081 135025 153586.5 338370.8 292118.9 152128.9 182475.2 156998.7 37462.3 5733.319 59807.59 189111.5 120452.3 186881.8 621942.4 354110.9 72145.7 333727.8 332885.3 423930 464261.7
706566 -9999 -9999 -9999 -9999 -9999 -9999 -9999 -9999 -9999 -9999 -9999 -9999 -9999 -9999 -9999 -9999 -9999 -9999 -9999 -9999 -9999 -9999 -9999 -9999 -9999 -9999 -9999 -9999 -9999 -9999 -9999 -9999 -9999 -9999 -9999 -9999 -9999 -9999 -9999 -9999 -9999 -9999 -9999 -9999 -9999 -9999 4.20872 375403.3 480799.9 268006.3 237059.6 149770.6 183688.1 437860 257927.1 226828.5 279551.5 736698.7 199360 131288.5 128646.3 180017.4 123727.3 99946.59 77421.13 85365.91 94053.7 205782 89659 133705.1 174827.3
