static/data/demographic data in a grid format/gpw_v4_basic_demographic_characteristics_rev11_atotpopmt_2010_dens_1_deg.asc
ncols         360
nrows         180
xllcorner     -180
yllcorner     -90
cellsize      1
NODATA_value  -9999
[rows 32 to 63 of 180, columns 213 to 283 of 360]
4.621932 10.59855 6.337044 3.943441 6.682528 19.32475 49.85149 37.43446 21.50158 11.26391 2.718471 3.071301 4.1552 4.910237 3.470603 4.511207 4.395812 2.509432 2.606661 4.998571 10.06345 7.212754 37.23145 42.21619 6.944632 8.671879 26.46165 17.93138 16.24315 6.525968 5.27046 3.169602 50.4214 2.855238 1.475261 0.8155621 0.7691779 0.8425179 0.7324626 0.6408004 1.142874 1.377722 0.963881 0.2267212 0.2008551 0.2013775 0.3480158 0.2928671 0.5173044 0.6560236 1.095156 1.644156 2.317616 0.6465778 0.4394211 0.2889096 0.3718404 0.3717415 0.4454432 0.8165875 0.9720202 0.6141782 0.6585306 0.7376018 0.7631053 1.105554 0.6261209 0.4784296 0.2419322 3.669282 0.9443158
2.267541 7.215174 30.70186 23.51221 56.13819 37.78165 13.07217 41.75676 31.38963 10.97542 112.5314 31.33765 4.927365 7.113588 64.62435 14.02645 9.721172 9.531726 8.40786 12.39942 58.93752 21.53901 6.690938 6.042814 6.727296 4.836086 11.74988 115.9929 23.69133 9.949843 9.360658 3.198961 5.33477 7.457739 2.895274 2.698873 6.917706 1.917526 1.293732 1.095412 1.372035 2.129457 1.444694 0.8443848 0.838295 0.4518391 0.4692413 0.3798318 0.4205629 0.5834664 2.063722 26.11769 29.32902 6.386101 3.0504 2.626488 2.559191 12.28523 1.590412 34.67744 21.93244 7.07964 8.875017 1.975141 1.808931 1.145419 0.6594772 0.7628085 19.77989 0.9037332 1.135507
6.171974 6.688677 9.456183 48.17632 935.3275 115.4848 24.47203 11.24554 9.724581 19.30535 17.75458 9.763624 7.491002 12.61773 20.57731 33.67728 91.57121 11.36036 29.46328 51.29485 8.900768 10.49968 10.40388 5.965158 5.909433 6.637046 14.15536 21.53487 95.2328 4.416553 3.667554 4.612489 26.82818 2.589472 2.31627 3.994359 8.073451 2.110275 3.13153 3.892645 32.70259 3.63354 2.756653 2.192597 2.895396 3.348341 1.427241 1.093781 1.860345 42.97296 15.93244 9.879292 14.58616 32.93013 1.737908 2.239066 5.82804 3.356631 1.442909 27.26604 3.867166 3.487112 1.251397 1.614895 1.338894 0.942442 0.655118 0.8377413 0.9515328 0.9046988 0.5246505
7.704107 5.684547 8.760618 32.78454 62.09902 27.67273 44.88108 6.396312 8.589687 6.252638 12.78255 9.309369 30.41476 9.388438 8.230284 63.44632 14.01628 8.793624 9.580834 19.39968 22.59839 13.43409 31.2002 59.38081 6.439271 8.697926 13.10085 10.04227 22.21383 3.326712 2.368752 3.100015 2.102334 1.769325 2.100988 6.401299 6.28308 2.196757 4.31045 4.919713 54.86355 5.053093 2.659552 1.831138 2.766905 2.49293 1.978945 2.077936 3.046951 31.95196 45.66129 3.55917 8.668509 23.19161 2.195801 2.663375 2.147315 2.016538 1.985586 1.018074 0.9734093 0.8972024 0.7562627 0.6775554 0.7856128 0.6956377 0.694635 3.834193 1.396259 3.426847 0.3761332
8.638968 40.96021 6.208191 12.16973 13.09418 19.3047 10.21533 8.021167 7.940011 6.045152 7.978703 21.61865 31.93365 12.50053 6.50657 20.42569 82.60688 77.79414 10.11478 9.108113 5.045623 5.906358 31.8715 12.61226 3.548367 15.15122 20.12803 4.70815 2.77268 4.102827 16.41416 4.306031 1.696231 1.569515 2.122188 3.473801 7.588831 3.662277 1.114325 0.8746013 1.381037 1.870178 1.21384 1.440188 2.473783 4.03513 3.125848 2.353888 5.443595 4.174291 53.05171 6.657417 2.777059 20.17838 42.05098 4.992999 2.418916 2.424859 26.65367 1.440919 0.7696435 0.7424673 0.5445171 0.3573674 0.3718474 0.5604144 0.6640286 0.9630323 1.33319 4.217523 6.725918
9.255788 6.943928 13.28542 23.5779 9.552217 15.57699 44.45289 14.92497 31.59834 7.375344 8.188345 7.867495 6.302523 6.394507 9.623995 8.115277 9.211968 5.937051 3.97923 9.075239 4.978733 3.455692 9.146978 4.970816 2.193725 8.303563 2.322303 3.074963 1.98625 3.367334 7.481618 2.340747 1.072541 1.620098 1.614839 2.222009 5.576043 3.298169 1.083543 0.9810456 0.8365045 2.12978 2.095663 8.744612 15.7127 4.808536 3.635526 3.375178 3.758643 5.015512 3.04374 8.307264 14.19615 1.838051 1.302993 1.547807 0.6897083 2.486733 2.724581 0.7345936 0.581152 0.7620754 0.4011834 0.06634869 0.06634869 0.09880809 0.09708432 0.1889303 0.7237921 1.708064 24.01003
22.57212 10.96613 13.48262 34.7719 19.32148 17.36861 75.38531 9.460683 8.220131 12.40302 8.5204 4.927504 47.33564 34.87929 12.39191 6.200697 3.378905 7.624128 8.660697 5.052513 3.421147 4.947348 38.50933 3.479222 5.140059 25.14977 3.897669 2.275774 1.509423 0.6179722 0.8449032 0.5418001 0.943485 1.034653 0.9696676 1.966077 1.77959 10.45255 20.90231 3.42821 1.186437 3.25748 2.526948 2.027788 2.359483 0.9664855 1.781768 2.297887 12.96804 2.925266 1.608519 2.146269 5.672347 2.50243 0.4841695 0.3713335 0.5916055 1.63213 1.039663 1.246944 1.21172 8.059711 0.3879915 0.1894411 0.1777551 0.180282 0.2095329 0.2912015 0.409463 0.89117 3.614423
14.89164 31.83074 15.33052 87.36113 14.42709 12.51832 13.76962 10.85727 6.534685 6.213618 7.801639 4.719506 13.90896 3.977351 2.851733 2.750827 1.718078 2.945873 2.207204 1.159888 1.375387 1.508006 1.304845 4.547737 23.82526 1.596809 1.569943 0.6831726 0.440914 0.3109109 0.225622 0.279821 0.3594309 0.9490739 1.029573 1.0139 0.5360972 4.629458 15.32297 4.339534 8.132667 13.01095 1.091266 0.5575589 0.7450996 1.294553 3.533928 4.246089 5.9847 5.518173 5.257354 1.978397 0.6769378 0.6091408 0.4274949 0.3247014 0.4738343 0.6403156 0.9376518 1.686107 0.6616801 0.6067168 0.4516787 0.2669167 0.09447141 0.2641255 0.3266917 0.4187194 0.1925686 0.5015483 0.7776272
34.27119 31.27368 15.51915 68.81062 16.01283 12.7467 9.226533 7.418831 4.091008 2.96137 5.255437 4.100081 4.365216 1.815469 0.9271761 0.9317259 0.7685429 0.6156704 0.7519385 0.7877246 0.7968469 0.8018919 0.9707449 1.510868 1.438931 1.17866 0.7461648 0.2853369 0.2546966 0.2362244 0.1931689 0.2066897 0.343585 0.7500054 0.7773761 0.2806662 0.2589906 0.2685554 1.174602 8.843006 13.34097 5.931806 0.6995791 1.06275 4.709278 3.719968 1.285047 1.172938 3.183463 11.6729 5.543944 2.346038 1.067938 0.83039 0.4320878 0.5305451 1.00859 0.5308416 1.125409 0.4194643 0.3148643 0.3248961 0.4767306 0.3176197 0.286541 0.3807793 0.5204471 2.793233 0.7340803 0.4641584 0.300796
28.59196 56.46653 59.28372 16.6985 89.76627 107.8233 62.89862 18.87635 6.656228 4.013575 5.789444 88.34187 4.254534 3.987527 0.7810614 0.5355865 0.5386251 0.7904941 1.112714 0.9254185 0.6321287 0.6218287 0.3405477 0.5153269 1.019764 0.7484127 0.4676757 0.2553152 0.1990017 0.1738883 0.1836974 0.459973 0.5965128 0.637289 0.6380205 0.6194561 0.4617688 0.3573481 0.373783 0.3285626 0.3210711 0.672306 0.8871545 0.8977156 1.696553 1.221012 0.5085303 0.7498598 0.9294723 1.108514 0.9280548 0.7120764 1.110776 3.623708 1.010077 1.88711 1.980554 0.6373342 0.9880111 0.3081226 0.1734961 0.1989801 0.2625754 0.2356656 0.3538753 0.6524358 0.6656954 0.6491481 0.6997279 0.5931893 1.09259
43.59353 31.17146 60.37347 11.09992 82.98335 46.30693 98.20996 38.85522 9.158321 15.9974 3.428786 1.448092 1.155855 2.316538 2.323848 1.900745 1.179092 0.9607022 3.218016 7.654084 1.715615 1.11393 0.2114176 0.1722199 0.2502919 0.3788228 0.3502645 0.3856913 0.6856316 0.3947374 0.4077905 0.6210973 0.6380205 0.6380204 0.6380205 0.6363907 0.4360948 0.3738236 0.3549458 0.3225121 0.4085056 0.710387 0.9989276 0.9964681 0.8210714 0.8166843 0.7633498 1.232108 1.202482 1.129896 1.292426 1.425477 2.666892 4.41727 10.66241 5.142076 1.578184 0.8159055 1.62205 0.3837233 0.2244908 0.1665182 0.1917898 1.19369 0.2179198 0.2627025 0.3568887 0.4849917 1.684135 1.022123 0.8192841
20.78219 11.25118 28.27936 32.56581 25.17926 22.21045 16.46581 10.84105 10.1639 5.147443 2.354358 7.233972 0.6558565 1.354803 14.309 27.26042 1.71516 0.9154707 38.28606 35.13206 1.265351 1.125379 0.7556864 0.3431878 0.1983798 0.3470651 0.5315168 0.7970299 0.8319236 0.9264463 1.26645 0.7610033 0.6307971 0.6356212 0.6376735 0.5916321 0.3753277 0.3738236 0.3385295 0.3210711 0.5295359 0.8806688 0.6082335 0.913536 1.061082 1.399208 1.317908 1.241367 1.50834 7.642754 16.36704 2.940094 1.886879 1.178222 2.138369 1.391819 2.244779 3.180385 0.4605831 0.2850641 0.2703727 0.2045169 0.4140748 0.8485276 0.2275736 0.2306978 0.3651932 2.048548 0.8577089 2.44105 0.6742378
30.28707 24.15017 32.90458 49.19464 37.10744 44.61843 49.89596 28.63431 31.13865 16.64516 6.840497 2.98974 1.182548 1.3939 4.820473 8.311576 7.999887 1.166692 1.135896 0.3590313 0.6835787 0.6972435 0.6982822 1.136169 2.222767 2.73301 2.049554 0.8312809 0.8949177 0.9831799 1.458301 0.9975392 4.941082 0.7641864 0.7700877 0.6378853 0.6234561 0.6227219 0.4883928 0.3234189 0.3279631 0.4258327 0.4262327 0.7963279 1.168778 4.535325 1.646538 1.419249 3.800489 2.80511 2.931831 17.24856 5.447049 0.6163808 0.01961315 0.09251505 0.1601381 0.4776683 0.3843742 0.1167717 0.1255391 0.1246996 0.203686 0.1851073 0.1909468 0.2351493 0.210451 0.2463858 0.3934299 0.2743859 0.3308748
97.84602 96.31567 31.28791 -9999 102.6963 29.54986 27.43477 20.82957 33.29298 32.11525 33.5154 10.95743 4.651398 3.462977 7.596436 -9999 1.166692 1.166673 0.6156896 0.3359996 0.3343477 0.5895177 0.5018318 5.591679 5.591679 5.591679 5.591679 3.047519 1.163918 1.126877 1.147663 0.7297775 9.597902 1.225591 1.280353 0.6465035 0.6379719 0.900185 0.6590627 0.3235047 0.3972537 2.198779 2.659637 7.634827 4.760129 6.332839 6.973983 17.77163 14.08682 15.84194 2.786362 25.51019 28.39549 42.13842 38.46733 5.779109 7.370505 0.9572929 0.3263034 0.1180566 0.1913747 0.05594393 0.04817012 0.08654857 0.04261749 0.07437696 0.1166165 0.1890072 0.1901476 0.2292279 0.1476288
-9999 -9999 -9999 -9999 -9999 -9999 51.6695 18.15239 9.746542 17.12772 37.01298 42.47854 49.43011 45.2554 57.99013 -9999 -9999 1.166692 21.26258 0.7669883 0.9226634 1.095275 0.9318694 5.591679 5.591679 5.591679 5.591679 5.591679 4.925862 2.995308 2.903513 2.786822 2.214993 1.504743 3.51927 15.52004 2.100295 4.995899 14.89965 4.332451 4.357726 9.282302 4.34594 82.13581 25.22388 10.03823 3.981908 8.06514 60.64142 21.48053 13.70612 1.510091 1.067082 3.624859 176.3019 4.03642 12.58478 5.247529 1.507607 5.129961 4.894986 1.372043 0.2744223 0.07083955 0.04582801 0.06687774 0.07202659 0.09103212 0.09049369 0.0978352 0.09735713
13.11852 58.04837 59.85081 -9999 -9999 -9999 -9999 73.31016 30.91186 30.76331 13.87254 21.77362 11.98909 18.05977 54.17993 165.85 -9999 -9999 1.137639 1.177878 1.399913 1.438555 1.138833 5.591648 6.149794 8.770674 7.436117 5.610165 5.49776 4.019139 3.916495 3.916495 3.859266 1.825351 2.237965 3.82386 58.48393 21.39008 16.62346 7.892666 6.608223 66.78145 12.49193 10.8846 7.089303 8.81146 4.050758 4.662263 3.712284 1.417899 0.7680787 1.128832 2.126099 16.99855 2.357744 5.408025 16.79935 4.67929 0 0.8494561 17.39973 1.020908 0.2562676 0.0430605 0.1238702 0.2038976 0.04370221 0.2010816 0.3038646 0.2490207 0.07470367
12.94092 14.33042 28.47706 122.1656 92.79416 74.17903 127.5606 83.89052 41.96859 14.87094 13.54099 79.83754 33.54262 22.92958 17.3772 38.85443 24.03646 -9999 -9999 2.411824 2.72975 2.701424 1.755615 5.992996 10.70557 10.87423 10.8636 54.71058 22.67871 9.545048 3.995034 3.916495 3.916495 5.256231 8.317985 17.99316 172.7026 67.61787 47.41323 29.50193 16.99101 3.15144 4.404431 3.136682 2.779719 2.793251 12.46926 33.58536 8.766093 39.47613 10.97722 5.312339 4.630583 32.72501 1.110094 0.1376267 0.8879634 0 0 0 0.02256072 0.6512179 0.5047775 0.1773938 0.04913272 0.001985395 0.08447015 0.2395796 0.2349216 0.4258664 0.045167
16.65287 21.32838 26.08586 32.92026 34.38447 24.8269 36.86864 20.84007 14.13596 11.45155 24.92605 97.85884 30.2292 52.15648 45.44085 25.76731 200.7199 258.8858 -9999 2.729749 2.72975 2.729749 2.729749 3.61919 10.25951 10.04664 10.82775 8.587708 7.840141 31.35269 19.15302 16.67439 9.045546 51.121 29.98389 66.99976 89.6655 109.9705 168.1867 158.102 32.10081 4.96727 1.092056 1.726573 0.6841893 2.44171 5.833341 21.46686 8.390696 1.398979 0.2446825 0.05109578 0.03181458 0.2762621 0.3828933 0.1382662 0.153648 0 0 0 0.09607897 6.726994 4.834675 4.96307 3.611454 4.032331 1.923207 0.09078418 0.005786455 0.04298793 0.08389892
45.88668 16.17078 18.37456 18.65407 11.00451 3.180295 13.43827 9.64933 21.81944 19.01337 30.65239 28.47713 22.96328 24.26132 32.99085 47.70957 34.05122 -9999 -9999 2.729749 2.72975 2.729749 2.729749 3.032903 5.354459 5.354753 5.480778 7.562257 8.200475 9.106227 16.12073 21.88561 60.52939 77.8762 51.89811 21.76575 18.88727 10.68454 7.732514 6.682629 3.710425 3.148076 42.45991 60.87289 18.23662 11.54118 3.791223 0 0 0 0 0 0 0.004277696 0.1871335 0.4788409 0.1440204 0.07157493 8.43661e-05 0.1137467 0.3596518 2.935346 0.565661 0.4603945 3.77581 36.6461 10.24137 11.02276 0.5229565 0.5818043 1.691944
19.60941 32.77778 58.54162 10.68143 13.89593 40.38046 34.82057 34.00098 26.52273 22.94332 39.67845 30.53343 36.98301 65.67825 21.9483 72.66603 64.12256 -9999 -9999 -9999 2.729749 2.729749 3.530931 7.124243 7.195855 5.354753 5.354753 7.217419 9.551576 8.525873 7.793627 13.4395 32.41151 44.33224 52.21255 109.9985 38.61135 12.81329 3.663408 1.316151 0.2206446 0.5216584 2.99029 14.54422 59.84974 0.05426282 0 1.497843 0.8031425 0.02297442 0.02360535 0.0002381159 2.449877 0.2792335 0.3050253 0.7545716 0.08702813 0.164828 0.6301045 0.1923288 0.02905158 0.1876137 0.2457697 0.004701063 0.09130172 0.2415078 1.868172 37.36889 14.2699 33.63658 9.143641
17.83603 32.00173 41.79322 54.80008 76.5681 51.66772 47.48691 45.69047 56.89506 49.48457 25.426 51.1945 63.36502 63.68948 16.60144 25.44389 152.446 126.6214 -9999 -9999 3.587154 17.23467 28.05997 8.109654 20.69338 66.59681 6.441925 5.730954 9.332906 9.585998 8.566256 8.571486 8.887717 24.64866 42.8506 71.68839 61.95709 23.76289 5.926798 2.723656 0.3920955 0.6316926 1.525337 3.846849 19.31784 11.42848 48.89278 14.42928 2.28121 0.984652 0.2921982 0.3355625 0.1739413 0.1117262 0.004469423 0.0006008038 0.004329266 0.08251619 0.5840188 0.3231221 0.0459297 0.04958259 0.4156291 0.3997958 3.523723 1.75692 1.920254 2.868017 15.56243 49.75957 20.29602
16.64921 130.7282 204.8337 107.4689 223.3511 49.67193 25.60007 31.79509 30.05263 82.35444 60.5877 67.98825 37.37395 29.48771 13.15074 24.5454 36.41147 53.66317 70.44357 105.8502 53.20309 40.0242 7.6203 5.310985 13.27546 22.61774 94.2515 32.62284 8.281193 9.585999 9.445644 14.14644 21.84987 38.72584 36.66616 45.37135 41.56152 16.9182 9.330564 9.647658 6.385112 7.32937 3.719017 0.2786711 0.1591263 0.5835028 4.588346 4.407372 11.98802 1.315629 0.1541461 0.06141032 0.002028476 0 0 0 0 0 0.05469643 0.09646299 0.07994408 9.760151 1.246438 0.2633505 2.314379 1.914344 1.5307 7.315998 126.8631 56.38153 153.2476
76.2288 50.81688 329.1605 142.2466 21.84181 16.85215 22.35731 19.13532 7.375394 17.25858 50.57334 63.80464 66.42757 36.62363 21.10024 22.05356 20.40338 113.5364 588.1827 15.98855 6.05725 3.067185 2.334211 3.264664 8.172753 22.34239 35.2704 34.55209 9.338824 11.74584 10.96998 22.05919 13.33712 14.31786 9.801135 18.96843 39.06771 6.821859 31.97777 107.3829 26.23881 12.4601 7.982506 6.41292 1.075329 0.0693696 0.08526051 0.03990076 0.2206528 0.05576006 0 0 0 0 0 0 0 0 0 0.005492317 0.09634537 0.4874514 0.07774721 0.3870472 0.4563774 0.5152876 2.126222 7.884073 7.18692 34.20598 115.7672
80.30344 69.73047 300.1829 132.8313 7.619951 1.779587 3.922649 22.20189 8.536026 8.978706 26.01209 26.0057 22.51508 39.02138 44.35578 60.09304 35.63269 38.86218 35.92439 4.731807 3.692672 2.51009 1.920587 1.415996 2.477567 6.209398 6.765439 9.864366 9.691367 46.94542 12.98585 5.673729 8.487104 12.97819 14.76377 35.50574 210.3955 84.43682 321.8131 308.2115 172.3134 168.9583 44.46529 6.963165 1.354922 0.9078498 0.05055747 0.06396344 0.001616768 0 0 0 0 0 0 0 0 0 0 0.07197548 0.08233368 0.2660836 1.122442 0.4026085 0.224676 0.2185245 0.9613804 3.168724 2.989588 6.944357 23.44584
-9999 -9999 348.75 228.7978 2.223525 0.4400544 0.6393234 1.057573 1.999698 12.80496 52.42994 381.0313 11.63846 20.21634 25.35044 44.48112 27.17958 23.83751 22.60462 2.523908 1.009795 0.9290608 0.8726079 0.6426637 1.738212 3.338187 5.149828 4.162461 5.247874 7.735017 6.111265 8.835326 10.93403 13.07646 21.09862 47.28758 52.30688 83.49087 210.8932 262.0648 286.9346 165.5141 111.2562 7.586055 1.706626 1.723931 0.3762805 0.104021 0.03769882 0.003936989 0.06841893 0.1171689 0.07273547 0.09126727 0.04070664 0.0217622 0.003662094 0.02426837 0.04798737 0.03457126 0.0872767 0.2314018 1.803572 3.354566 2.982909 1.067182 1.686251 2.034781 2.362615 3.66503 3.691698
-9999 1040.124 261.4903 105.6515 1.794449 0.3179929 0.3236863 0.1593719 0.1570233 1.469043 37.5855 133.3684 46.0455 22.94404 17.1465 32.31159 17.7978 28.77574 73.50642 58.84883 5.669864 12.41375 1.663551 0.8402548 0.6896509 5.214428 3.852838 2.866037 4.637167 10.20544 3.086981 9.352521 14.63941 9.842661 13.94306 8.030954 33.67046 112.9008 113.9812 172.5134 291.2332 532.6974 199.5864 58.89051 9.389452 1.261222 0.7813015 0.5486764 0.2312406 0.158637 0.2899753 0.241863 0.1500634 0.1081244 0.337299 0.2231569 0.115625 0.3087777 1.046394 1.05802 1.862773 0.6954565 2.249592 4.440013 2.212949 2.819407 2.353811 3.398178 3.725505 2.876766 4.97117
63.50701 250.8541 222.7785 27.07077 4.47226 1.667543 1.765701 2.354126 0.6657279 0.1570988 8.863298 41.71538 67.39883 58.2533 36.18666 63.99039 32.65975 24.22244 16.38148 33.86226 6.449646 21.43427 4.53251 2.365578 2.559031 5.753853 1.471079 3.175047 8.019662 1.751045 6.616941 17.20993 36.72915 8.755874 10.13585 4.404844 14.55904 72.64231 87.53856 268.0679 519.5838 719.2415 353.0322 183.2025 66.95911 8.285596 1.534799 0.2038193 0.1707494 0.1779693 0.2843795 0.2636966 0.4239285 0.3009698 0.3696564 0.4600946 0.6667202 0.8274406 2.698886 3.740054 3.177925 2.893997 3.288119 4.074804 5.205386 4.822693 3.448757 4.993887 2.845245 7.007846 38.95902
2.16075 2.910978 11.75572 0.2305263 1.940789 3.713733 2.421359 2.86401 2.934268 2.776957 10.98076 2.71989 5.238698 23.91714 93.93586 41.25018 25.6632 20.49217 16.9176 15.82344 6.160534 2.814552 10.3593 12.3331 6.572024 7.982521 6.490578 9.220535 8.763613 1.768443 1.485328 2.765594 2.604644 51.48131 29.56206 13.25572 15.30078 97.80611 321.0307 327.6241 319.0579 225.8872 286.0625 393.4777 221.4648 120.1439 31.42678 5.906423 0.7565627 0.1928147 0.4123258 0.1487741 0.2637625 0.3736745 0.4659842 0.5149558 0.5744025 1.620872 2.983166 1.432526 1.190643 1.707924 2.308822 1.947168 2.653733 3.267211 1.587621 3.998296 6.103496 18.51993 337.5641
1.168061 1.692479 7.831053 3.210414 4.909077 1.899773 1.055615 1.979352 2.821361 1.685671 1.622252 0.395158 0.1674541 6.037372 77.77403 236.2976 4.559259 29.42223 28.87659 85.48083 19.13314 5.40296 8.913568 7.363658 10.20325 11.38991 8.797541 9.178844 2.572368 0.719258 1.47699 1.629866 4.853969 18.79647 15.43726 8.658376 12.36943 166.2135 267.4568 149.9925 123.5021 113.1983 183.9697 290.6991 522.1939 311.6909 124.4837 60.1272 36.76505 6.608916 0.5915154 0.4900052 0.5620043 1.009763 3.147127 7.194941 7.761556 6.213883 24.15189 2.568825 1.272772 3.432274 1.23054 0.7666544 1.825491 2.953396 2.586694 2.813704 3.000387 41.58102 162.5318
2.413071 6.13957 4.657091 5.669355 3.928684 2.572092 2.124634 3.516861 3.68105 1.425417 1.013247 2.138127 3.075419 3.68799 15.1278 24.01067 -9999 100.4333 13.75527 9.641074 14.9113 11.36376 7.807647 5.457794 12.90414 9.80256 5.960209 5.992408 5.011179 1.760182 1.448014 3.317245 4.162156 10.64195 24.48922 95.6789 99.11987 171.3303 15.91249 21.495 46.46761 63.44739 140.1546 379.6848 1392.028 491.3099 456.3735 173.0117 121.2181 56.87791 57.31077 35.60385 4.939981 1.419417 2.832179 1.936508 3.771048 2.170959 2.027321 2.414795 1.905094 6.514816 5.737672 2.056289 0.7315417 2.105774 4.307305 2.84061 7.598211 52.72165 53.66542
14.22989 30.62646 2.779216 3.840542 2.809261 0.5256225 1.006328 3.967695 3.98061 1.675159 3.81032 5.175489 3.612745 2.969254 1.676589 2.750719 34.74171 3.714069 12.39499 26.12414 9.931366 7.621562 12.92456 24.68623 14.18775 5.309265 3.514628 5.441568 5.026224 6.090665 2.640333 2.610102 3.023569 7.589392 84.95917 234.8235 57.54374 15.33179 15.03533 30.16184 73.44921 104.0197 199.1278 228.1487 391.5623 514.446 393.5021 389.5809 360.8221 288.4991 297.3564 170.5253 201.3372 45.62131 33.65618 74.60825 11.76263 3.880853 9.080032 7.327264 26.17901 96.40888 128.1582 8.201489 2.543324 4.706797 15.8608 15.1476 21.49341 72.40966 103.9663
3.55166 4.32439 2.526059 2.116813 1.353731 1.129818 1.351291 2.82143 2.246413 5.316641 12.56673 9.496939 3.101501 1.714017 0.6533295 1.72429 99.5062 791.605 9.785827 -9999 8.807559 8.614314 19.20417 23.07399 10.0416 2.848771 4.890254 5.842908 7.336509 8.513676 9.177886 7.095537 3.261757 6.590323 67.98853 136.2699 15.6888 8.919777 18.39205 75.57465 106.8454 130.54 242.3005 163.6895 192.9005 249.9556 285.177 592.154 429.3806 469.9525 588.0768 636.8927 698.0352 405.1907 313.3797 347.0469 280.0229 201.1255 269.1019 255.7726 101.4921 124.2193 15.58782 3.531976 2.726743 6.962371 27.14482 51.27605 63.48121 53.73293 79.08324
