static/data/demographic data in a grid format/gpw_v4_basic_demographic_characteristics_rev11_atotpopmt_2010_cntm_1_deg.asc
ncols         360
nrows         180
xllcorner     -180
yllcorner     -90
cellsize      1
NODATA_value  -9999
[rows 32 to 63 of 180, columns 144 to 215 of 360]
-9999 -9999 -9999 -9999 -9999 -9999 -9999 -9999 -9999 -9999 -9999 -9999 -9999 -9999 -9999 -9999 -9999 -9999 -9999 -9999 -9999 -9999 -9999 -9999 -9999 -9999 -9999 10.72071 2695.671 4518.298 6074.762 62773.74 50857.89 212396.2 16215.7 -9999 -9999 -9999 -9999 -9999 -9999 -9999 2.098778 613.8801 5005.788 108459.6 74285.24 230827.9 304091.1 67242.17 114515.1 39447.92 37836.28 579.0955 27623.77 362.7887 -9999 22932.2 24844.7 15848.29 119556 54718.91 39061.79 36551.6 123123.1 20839.39 16415.7 21879.51 15129.66 29040.88 68161.68 41931.48
-9999 -9999 -9999 -9999 -9999 -9999 -9999 -9999 -9999 -9999 -9999 -9999 -9999 -9999 -9999 -9999 -9999 -9999 -9999 -9999 -9999 -9999 -9999 -9999 -9999 -9999 -9999 -9999 508.3725 1652.117 19564.08 26647.34 351498 148247.4 -9999 -9999 -9999 -9999 -9999 -9999 -9999 -9999 -9999 -9999 138814.6 231800.4 258300.4 901.7326 207583.5 89851.34 127879.5 69806.52 48215.71 -9999 320.1527 -9999 1867.02 80847.92 79678.76 147723 282401.3 59615.52 39034.27 48012.43 24641.81 20795.19 65067.77 16111.08 20472.01 15382.59 49077.21 208795.6
-9999 -9999 -9999 -9999 -9999 -9999 -9999 -9999 -9999 -9999 -9999 -9999 -9999 -9999 -9999 -9999 -9999 -9999 -9999 -9999 -9999 -9999 -9999 -9999 -9999 -9999 -9999 5787.029 57141.04 57744.78 11095.98 912974.1 570388.3 90960.73 239355 -9999 -9999 -9999 -9999 -9999 -9999 -9999 -9999 -9999 122614.6 289764.8 221981.9 227811.3 960764.4 297911 41560.3 4821.134 -9999 -9999 -9999 -9999 1235.853 183013.5 89365.36 124070 130825.7 69760.76 99310.72 52351.68 109361.8 46869.6 193335.7 24114.28 36942.4 43293.94 46413.5 65606.59
-9999 -9999 -9999 -9999 -9999 -9999 -9999 -9999 -9999 -9999 -9999 -9999 -9999 -9999 -9999 -9999 -9999 -9999 -9999 -9999 -9999 -9999 -9999 -9999 -9999 1053.119 18470.63 56415.8 153738.4 375081 351783.5 52412.24 144998.1 204997.2 1109165 118252.4 -9999 -9999 -9999 -9999 -9999 -9999 -9999 669.5981 61802.38 386397.1 297926.9 89529.81 171716.2 124430.9 4791.47 62488.13 146007.8 165965.5 638554.8 163098.9 357149.7 122382.8 116909.1 246304.1 134555.3 330865.9 108243.3 94539.87 157761 57404.86 121882.6 57490.22 176472.7 55096.52 40852.71 62829.19
-9999 -9999 -9999 -9999 -9999 -9999 -9999 -9999 -9999 -9999 -9999 -9999 -9999 -9999 -9999 -9999 -9999 -9999 -9999 -9999 -9999 -9999 -9999 -9999 -9999 2905.366 89950.9 111493.9 155133.1 881781.6 1.928863 64300.08 509451 3031219 2357688 650479.4 49575.35 -9999 -9999 -9999 6803.423 168096.8 374089.2 348600.5 761816.5 908555.6 1069416 231676.5 143761.1 164029.1 409261.4 170968.3 178247.9 261624.8 536469.9 245459.4 250024.8 177154 198366.8 397041 103486.9 154723.2 139468.5 993242.3 77921.96 151269.5 228352.6 59643.65 51962.08 63565.78 300424.8 45699.79
-9999 -9999 -9999 -9999 -9999 -9999 -9999 -9999 -9999 -9999 -9999 -9999 -9999 -9999 -9999 -9999 -9999 -9999 -9999 -9999 -9999 -9999 -9999 -9999 -9999 4638.479 96187.02 189613.7 161428.2 136963.8 335.4962 61677.21 101764.5 1120259 2448843 936676.1 501200 482094.1 -9999 -9999 1913212 1317310 943310.3 625307.3 844744.6 901720.8 651990.1 343875.8 235903.1 2123778 212504.2 241370.5 553709.9 387240.1 389528.3 367083.1 795888.6 859609.3 229926.3 269940.2 98856.75 91900.55 137849.6 117135.4 59248.26 124297.2 236537.3 178858.5 102224.4 69589.02 52236.57 99631.68
-9999 -9999 -9999 -9999 -9999 -9999 -9999 -9999 -9999 -9999 -9999 -9999 -9999 -9999 -9999 -9999 -9999 -9999 -9999 -9999 -9999 -9999 -9999 -9999 -9999 3955.464 27413.87 177025.3 6861.25 -9999 13860.15 200167 902618.4 1109212 770993.7 5183898 2306566 316759.9 177359 621716.7 2331375 1707823 2648348 2740378 798218.8 611395.9 449659.2 532375.4 750734.3 590289.1 401074.3 360271.8 564871.7 507353.8 347519.9 769921.1 331774.4 440550.3 482281.4 157529.6 136500.4 125689.8 131795.4 73441.9 69000.2 51614.54 58020.17 236971.2 80031.95 173465 84229.45 103104.3
-9999 -9999 -9999 -9999 -9999 -9999 -9999 -9999 -9999 -9999 -9999 -9999 -9999 -9999 -9999 -9999 -9999 -9999 -9999 -9999 -9999 -9999 -9999 -9999 -9999 -9999 -9999 -9999 -9999 -9999 131247.4 290246.5 333533.9 199938.8 819190.9 435508 215627.9 252471.1 794125 1653129 1832674 1049355 1130544 1325569 1717001 492563.3 513432.7 529940.7 818706.4 515091.9 1120692 555981.6 485612.1 381784 1183639 1230849 591326.2 524293.5 415004.3 269457.7 260015.8 292131.7 321589.8 166764 271876.2 140744.5 1599129 148974.4 125834.5 117227.4 250248.5 120085.6
-9999 -9999 -9999 -9999 -9999 -9999 -9999 -9999 -9999 -9999 -9999 -9999 -9999 -9999 -9999 -9999 -9999 -9999 -9999 -9999 -9999 -9999 -9999 -9999 -9999 -9999 -9999 -9999 -9999 1099.473 782.8771 -9999 -9999 78660.77 161135.5 231486.6 411130.1 576042.3 828683.1 322523.9 280275.1 298352.4 994297.9 741955.5 1895344 775424.4 605415.8 761347.4 358949.6 330036.4 366718.6 313029.5 571700.1 556874.5 1003348 640279.1 589021.7 444317.1 269821.1 554794.3 504690 331503.4 240173.2 208837.9 396091.1 133648.7 253500.8 198764.1 227093.6 263454.5 251334.4 124534.9
-9999 -9999 -9999 -9999 -9999 -9999 -9999 -9999 -9999 -9999 -9999 -9999 -9999 -9999 -9999 -9999 -9999 -9999 -9999 -9999 -9999 -9999 -9999 -9999 -9999 -9999 -9999 -9999 -9999 -9999 395.3203 263819 182570.5 232950.9 463793.7 229697.1 230996.6 494992.7 5030505 215953.1 200401.8 143268.8 406659.9 919709.9 1038735 1671558 792185.4 1510296 536356.3 419063.5 523309.2 261822.8 1233728 679839.6 441172.5 296256 375788.6 475579.4 406944.3 306854.1 394306.7 433872.8 331253.4 243572.8 204774.2 180022.3 194060.8 115816.3 205172.1 228898.9 439425.5 474091.2
-9999 -9999 -9999 -9999 -9999 -9999 -9999 -9999 -9999 -9999 -9999 -9999 -9999 -9999 -9999 -9999 -9999 -9999 -9999 -9999 -9999 -9999 -9999 -9999 -9999 -9999 -9999 -9999 -9999 -9999 -9999 55784.66 187521.9 319590 592204.3 405416 408321.8 326209.2 223609.6 148887.2 109214 285087.8 420936.4 1172723 1551957 868293.6 339356.7 433850.9 350964.2 296329.8 134470.5 373868.6 414164.6 347173.6 649763.1 1240454 277854.7 469271.6 302662.7 323061.5 214937.4 176924.8 466711.5 493635 553061.9 236303.3 89442.16 119022.2 99287.11 345547.4 226835.4 469177.1
-9999 -9999 -9999 -9999 -9999 -9999 -9999 -9999 -9999 -9999 -9999 -9999 -9999 -9999 -9999 -9999 -9999 -9999 -9999 -9999 -9999 -9999 -9999 -9999 -9999 -9999 -9999 -9999 -9999 -9999 -9999 -9999 -9999 14949.8 324521.7 269923.7 223226.1 138351.8 126109.1 176362.9 356640.7 254926.8 903767.6 529615.7 216605.5 211080.1 101326.2 387752.2 169072.4 277012.5 501445 494983.4 373160 227057.5 351317.9 292060.5 312589.9 301621.9 124413.8 395185 343063.1 185632.5 414157.7 297178.2 408897.2 346198.2 689749 88367.52 439294.9 152189.2 82259.71 119539.9
-9999 -9999 -9999 -9999 -9999 -9999 -9999 -9999 -9999 -9999 -9999 -9999 -9999 -9999 -9999 -9999 -9999 -9999 -9999 -9999 -9999 -9999 -9999 -9999 -9999 -9999 -9999 -9999 -9999 -9999 -9999 -9999 -9999 -9999 50596.03 266029 232706.4 264877 80918.83 340602.2 1264855 766540.8 258031.1 969054.9 1206743 3073851 1002111 1236720 933710.1 391654.2 246496.9 476034.8 402749.6 202238.2 323270.3 445664.5 268628.9 353767 174694.3 239639 309922.9 486738 287785.9 418213.8 362846.3 95106.44 6266.632 -9999 8962.458 186045.9 185911.8 86562.69
-9999 -9999 -9999 -9999 -9999 -9999 -9999 -9999 -9999 -9999 -9999 -9999 -9999 -9999 -9999 -9999 -9999 -9999 -9999 -9999 -9999 -9999 -9999 -9999 -9999 -9999 -9999 -9999 -9999 -9999 -9999 -9999 -9999 -9999 64163.01 562461.1 241194.6 174058.3 165356.9 81075.88 418554.7 124394.6 83213.26 426936.9 714468.1 331667.7 835296.6 820191.5 395471.4 38414.08 17090.74 118103.7 159576.4 362670.7 449143.1 370666.9 1103828 201342 205959.9 366322.2 417775 542945.1 1231539 200143.5 302599.5 1538.405 -9999 -9999 -9999 228867.4 278009.8 10719.99
-9999 -9999 -9999 -9999 -9999 -9999 -9999 -9999 -9999 -9999 -9999 -9999 -9999 -9999 -9999 -9999 -9999 -9999 -9999 -9999 -9999 -9999 -9999 -9999 -9999 -9999 10698.6 346413 113595.5 64874.66 437749 86742.8 366590 615996.6 362989.2 286904.9 190654 708685.4 259272.7 487506.6 450640.3 1138005 380028.8 504859.1 28522.06 277.1552 669538.5 793010.1 476503.4 471608.4 -9999 39176.34 223512.9 236272.1 290340.8 161081.1 313436.6 457271.3 160397.6 206976.8 257516 269120.5 258358.4 350674.1 79514.13 -9999 -9999 -9999 -9999 -9999 -9999 -9999
-9999 -9999 -9999 -9999 -9999 -9999 -9999 -9999 -9999 -9999 -9999 -9999 -9999 -9999 -9999 -9999 -9999 -9999 -9999 -9999 -9999 -9999 -9999 -9999 -9999 -9999 25588.19 636974.1 185857.6 97890.2 167487.2 59015.16 134283.3 330935.8 292683.8 59398.84 47851.47 128335.2 329982.7 75304.06 -9999 -9999 1602.935 -9999 17129.72 69660.74 52763.93 164297.7 542574.5 383811.9 328164.6 382.4135 5540.153 18993.49 118766.5 255999.3 561059.9 642670.6 157335.1 805452.3 410056.2 285549.5 184565.6 201724 1.757199 -9999 -9999 -9999 -9999 321.6895 3864.617 3932.522
-9999 -9999 -9999 -9999 -9999 -9999 -9999 -9999 -9999 -9999 -9999 -9999 -9999 -9999 -9999 -9999 -9999 -9999 -9999 -9999 -9999 -9999 -9999 -9999 -9999 -9999 -9999 1415387 191448.7 58894.16 99266.45 306858.4 52642.96 40595.23 189233.4 304809.3 222631.4 809014.6 2298634 49001.07 -9999 -9999 -9999 -9999 48025.06 36443.8 -9999 2.517879 1775990 480595.2 593809 357248 570752.5 22461.99 -9999 626146.3 359346.6 399390.7 228241 195564.2 182625 228374.8 217395.9 389771.3 3939200 1440267 49973.75 255791.7 285928 117468.4 128189.2 190981.2
-9999 -9999 -9999 -9999 -9999 -9999 -9999 -9999 -9999 -9999 -9999 -9999 -9999 -9999 -9999 -9999 -9999 -9999 -9999 -9999 -9999 -9999 -9999 -9999 -9999 -9999 -9999 547941.9 222762.2 68850.1 172234.3 259712.5 3091146 36355.44 52845.23 80925.18 154600.1 -9999 -9999 7392.163 2358.17 -9999 -9999 -9999 187029.5 129047.7 -9999 -9999 1669.375 34241.7 2033823 337333.8 286321.8 562259.3 283739.4 293477.4 181621.2 167765.2 670822.6 140727.7 68128.66 39935.06 174868.5 204634.3 700849.6 2675995 636976 263252.1 652477.6 156907 200946.9 245634.7
-9999 -9999 -9999 -9999 2110.556 -9999 -9999 1434.231 755.6573 -9999 -9999 -9999 -9999 -9999 -9999 -9999 -9999 -9999 -9999 -9999 -9999 -9999 -9999 -9999 -9999 -9999 141180.6 387228.6 83522.1 137232.8 73442.15 141891.3 202952.9 105240.6 94797.3 1234950 7325.716 15381.1 318924.7 108417.3 28145.5 -9999 -9999 -9999 197792.2 263445.5 -9999 -9999 -9999 -9999 -9999 42728.86 358584.1 46756.11 73649.44 52419.24 152872.3 136367.2 242582.8 24045.22 630.3807 10908.38 212953.4 438849.3 196897.6 243079.3 445156.1 62891.09 1395251 424966.1 154270.4 175053
-9999 -9999 -9999 -9999 -9999 -9999 -9999 17652.26 29129.21 -9999 -9999 -9999 -9999 -9999 -9999 -9999 -9999 -9999 -9999 -9999 -9999 -9999 -9999 -9999 -9999 -9999 1201958 201596.6 123835 201157.9 74572.27 91427.54 188688.3 57568.11 298244.8 927172.7 69877.52 57520.21 -9999 -9999 -9999 -9999 -9999 -9999 3937.567 77.49839 -9999 -9999 60219.98 481962.8 73836.48 375295.4 312535.7 7375.346 -9999 -9999 49169.33 234597 146255.8 916527.3 24201.6 1690.229 234864.8 1980821 354962 254134.5 272564.2 166728.5 220592.5 158164.4 317612.5 565117.8
-9999 -9999 -9999 -9999 -9999 -9999 -9999 -9999 -9999 -9999 67679.34 -9999 -9999 -9999 -9999 -9999 -9999 -9999 -9999 -9999 -9999 -9999 -9999 -9999 -9999 -9999 -9999 168091 174068.1 443889.1 632602.7 440447 473746.5 90987.38 395896 198587.2 -9999 -9999 -9999 -9999 -9999 -9999 26209.45 5702.661 2975.208 207901.6 57697.49 2740.337 150436.2 330362.9 410343.4 525113.4 2143.016 -9999 -9999 -9999 18793.32 115370.8 184949.5 1055019 37136.8 24782.93 28920.13 433927.3 312481 386472.3 465432.1 163063.7 397423.8 175027.2 314514.6 406489.8
-9999 -9999 -9999 -9999 -9999 -9999 -9999 -9999 -9999 -9999 2576.436 -9999 -9999 -9999 -9999 -9999 -9999 -9999 -9999 -9999 -9999 -9999 -9999 -9999 -9999 -9999 -9999 0 554.3428 352262.3 381775.3 634605 114634.8 238808.5 2702.617 -9999 266660.7 652711.9 1382137 2358994 1068662 1054425 1299670 945949.8 419728.4 384115.4 1576086 33812.85 702.8862 -9999 163421.2 42291.28 -9999 -9999 -9999 -9999 -9999 10136.09 30279.13 5663.465 4472.691 11673.83 5068.321 40859.3 137358 163517.6 446472.9 85757.92 208375.2 136853.6 450553.3 741917.1
-9999 -9999 -9999 -9999 -9999 -9999 -9999 -9999 -9999 -9999 -9999 -9999 -9999 -9999 -9999 -9999 -9999 -9999 -9999 -9999 -9999 -9999 -9999 -9999 -9999 -9999 -9999 -9999 -9999 112149.4 1066616 97043.52 181730.8 244443.5 281998.1 1154467 871533.5 485589.4 258341.2 219314.8 382437.8 533855.1 482139.1 384997.8 353334.6 319307.2 852890.9 43028.48 3124.853 -9999 190956.1 -9999 -9999 -9999 -9999 -9999 -9999 -9999 -9999 26283.73 111174.1 157703.2 9084.866 3421.244 -9999 -9999 -9999 -9999 23037.25 272804.3 28306.86 434386.1
-9999 -9999 -9999 -9999 -9999 -9999 -9999 -9999 -9999 -9999 -9999 -9999 -9999 -9999 -9999 -9999 -9999 -9999 -9999 -9999 -9999 -9999 -9999 -9999 -9999 -9999 -9999 -9999 -9999 980779.2 947485.7 797689.2 208537.2 305233.7 596748.8 121718.3 146260.2 62486.34 159286.6 336811.8 94203.21 295608.5 65912.17 59703.05 196406.5 193090.2 385430.2 7224.025 -9999 -9999 -9999 -9999 -9999 -9999 -9999 -9999 -9999 -9999 -9999 1.607278 1302.531 2225.892 21.88753 -9999 -9999 -9999 -9999 -9999 77655.28 144802.7 1518.544 562274.9
-9999 -9999 -9999 -9999 -9999 -9999 -9999 -9999 -9999 -9999 -9999 -9999 -9999 -9999 -9999 -9999 -9999 -9999 -9999 2774.181 -9999 -9999 -9999 -9999 -9999 -9999 -9999 267786.6 2408784 791389.3 737413.9 242017.7 68923.48 14579.05 13423.61 47767.24 32552.32 35453.83 100653.7 53473.93 24154.34 114326.8 250056.4 52888.28 47479.62 88306.05 287922.4 38457 -9999 -9999 -9999 -9999 -9999 -9999 -9999 -9999 -9999 -9999 -9999 -9999 -9999 -9999 -9999 -9999 -9999 -9999 -9999 -9999 -9999 -9999 -9999 2411749
-9999 -9999 -9999 -9999 -9999 -9999 -9999 -9999 -9999 -9999 -9999 -9999 -9999 -9999 -9999 -9999 -9999 -9999 19361.96 104148 -9999 -9999 -9999 -9999 -9999 -9999 249517.7 516382.2 453386.8 761831.1 200277.6 99019.5 27019.86 9393.687 25941.9 39238.53 22850.11 12829.66 13366.49 100133.6 95261.48 42779.75 40922.53 3862.097 4494.026 11630.25 44235.28 123373.5 297469.4 899757.4 107143.3 13126.53 -9999 -9999 -9999 121.1924 92475.2 101079 35335.36 5935.475 78.29882 -9999 -9999 -9999 -9999 -9999 -9999 -9999 -9999 -9999 1259339 2646045
-9999 -9999 -9999 -9999 -9999 -9999 -9999 -9999 -9999 -9999 -9999 -9999 -9999 -9999 -9999 -9999 -9999 -9999 -9999 -9999 -9999 -9999 -9999 -9999 -9999 -9999 267572.6 438519.5 841528.2 200597 130675.3 153679 16918.78 49304.91 52876.42 2675.517 1991.857 19448.29 8730.739 6303.646 26492.48 30369.71 2391.867 408.5449 408.5449 1773.806 6848.574 11601.84 22359.77 65718.89 104770.7 38819.62 2324.662 520.7816 -9999 7184.578 241620.3 131424.4 41939.48 13107.67 11521.69 11614.55 45885.46 69554.36 3825.75 1371249 3065867 3033280 435262.4 88241.92 1684004 2150041
-9999 -9999 -9999 -9999 -9999 -9999 -9999 -9999 -9999 -9999 -9999 -9999 -9999 -9999 -9999 -9999 -9999 -9999 -9999 0 0 -9999 -9999 -9999 -9999 -9999 815066.4 234446 68368.71 112151.9 90743.41 3650.098 3695.221 7619.375 4160.947 3561.511 3257.29 6222.863 6232.482 6123.889 3865.073 3615.469 3113.009 504.5782 565.6963 2468.735 7614.899 9115.441 22595.5 29470.08 45492.47 10750.05 10750.05 10365.58 5516.302 2168.19 5109.285 5193.961 8602.759 11046.07 9979.909 11.33651 0 2021.121 10692.89 335146.2 2962740 1.318359e+07 736642.2 23070.76 31081.08 125327.8
-9999 -9999 -9999 -9999 -9999 -9999 -9999 -9999 -9999 -9999 -9999 -9999 -9999 -9999 -9999 -9999 -9999 -9999 -9999 -9999 -9999 -9999 21153.37 -9999 -9999 58951.02 171761.7 26557.95 18574.27 4913.269 3660.302 426.6331 480.7582 3981.98 4496.665 13855.92 11857.12 12402.78 3742.228 3667.76 3434.894 1758.145 478.3652 484.3457 744.6618 2946.478 8341.181 9145.876 22824.35 22824.35 14773.69 6252.859 7253.042 8714.478 8826.195 5246.486 5246.565 5246.565 5246.565 11069.01 10352.68 6858.94 5968.156 0 0 0 1606895 3254600 150606.7 12436.97 16614.21 84460.17
-9999 -9999 -9999 -9999 -9999 -9999 -9999 -9999 -9999 -9999 -9999 -9999 -9999 -9999 -9999 -9999 -9999 105.9403 51520.94 426731.3 266414.1 23172.23 77965.6 104.6978 39595.68 28806.73 16536.15 4425.735 606.7229 230.864 230.864 298.6885 468.9834 1846.38 5995.131 25542.53 10301.94 5214.132 3963.972 2931.434 897.4719 569.2166 433.4241 433.4241 880.1709 2594.907 5011.164 4793.76 5123.836 5084.674 4239.427 2907.438 2622.428 2757.226 5173.266 5130.603 5297.572 5295.489 5297.572 10400.93 10859.29 0 93.49481 0 14904.86 2911.481 1913058 34510.67 11166.48 18498.95 49646.09 49894.96
-9999 -9999 -9999 -9999 -9999 -9999 -9999 -9999 -9999 -9999 -9999 -9999 -9999 -9999 -9999 -9999 -9999 2306.211 3076.056 135.247 145762.3 -9999 102209.9 5522.451 862.3595 397.797 353.6257 2510.401 3685.4 3410.998 1128.767 233.0164 472.6294 10234.86 11090.55 32602.75 7714.271 6026.516 3500.17 737.0382 631.9136 559.8255 519.5453 971.6271 1569.025 2693.571 3411.28 4405.597 5013.688 6594.605 16390.71 31367.44 4859.48 2646.879 2646.879 4829.486 5255.569 5287.253 5294.645 5247.606 5165.393 0 0 4975.394 2102.602 0 1456917 1001513 1990.909 106219.5 26262.93 12913.87
-9999 -9999 -9999 -9999 -9999 -9999 -9999 -9999 -9999 -9999 -9999 -9999 -9999 -9999 -9999 -9999 -9999 -9999 -9999 -9999 -9999 22674.17 9765.314 484.976 26983.73 49.86837 40.9226 213.6525 1611.816 3578.376 3932.092 3115.92 1922.687 4011.825 3755.349 2368.136 9949.177 11702.78 3505.261 3034.94 476.869 513.0859 848.1919 1511.24 1511.24 1876.09 2738.58 6481.778 12800.63 13090.27 22792.92 5757.334 2043.205 2530.143 2457.759 1012.089 681.9511 681.9511 681.9511 681.9511 681.9498 0 0 7891.705 0 0 0 2159042 1062236 38686.86 5188.963 68.26207
