static/data/demographic data in a grid format/gpw_v4_basic_demographic_characteristics_rev11_atotpopmt_2010_cntm_1_deg.asc
ncols         360
nrows         180
xllcorner     -180
yllcorner     -90
cellsize      1
NODATA_value  -9999
[rows 32 to 63 of 180, columns 216 to 287 of 360]
26016.15 43585.7 126128.8 326551 237854.4 140885.7 73404.98 16479.01 20439.1 27430.05 32677.47 23069.13 29551.75 28955.8 16636.46 17325 33257.53 66773.92 45827.2 229318.8 276007.7 46077.89 57588.64 173618.1 116073.1 106883.1 43189.56 34845.02 20948.25 322425.6 17864.12 9285.979 5224.551 5007.204 5282.009 4791.945 4159.562 7494.465 9143.454 6411.459 1505.806 1328.771 1330.278 2297.678 1947.637 3443.323 4353.535 7099.756 10627.93 15241.94 4278.398 2901.932 1910.153 2460.976 2457.151 2963.095 5436.574 6383.472 4065.239 4355.518 4854.093 5046.141 7326.03 4167.638 3181.662 1593.378 21628.22 5818.452 5483.436 3873.224 4760.514 2054.374
154630.4 375262.3 255525.8 89053.07 283767.8 213652.3 73942.7 708329.8 208879.8 32455.41 43678.21 428143.7 95679.34 66316.25 64585.76 57148.5 84428.72 396296.8 139983.5 45741.91 41301.04 45737.33 32986.1 79461.95 764048 156056.3 67518.41 63242.87 21708.32 35730.82 50314.23 19704.28 18393.88 47014.96 12976.99 8330.263 7369.065 9259.094 14295.29 9870.009 5716.878 5704.562 3078.596 3179.549 2595.788 2871.218 3989.952 14043.13 173241.9 200450.6 43124.27 20703.03 17960.06 17443.99 83148.48 10871.07 236701.8 146977.7 48153.82 60184.48 13484.5 12306.38 7750.416 4475.456 5217.023 118589 5321.28 7646.241 7730.491 4924.021 4762.555 1771.874
334623.7 6481235 801781.9 168770.1 77965.68 67845.95 133348.5 124169.1 68400.84 52459.7 87660.51 143881.8 224242.4 499347.8 74753.36 200683.8 330453.6 58746.65 72626.44 71700.85 41043.13 41311.91 46331.64 98960.19 136461.8 601384.2 29443.99 24766.5 31626.63 182065.8 17143.11 14530.5 25727.6 55188.76 14366.44 21716.8 26865.59 223750.5 25281.38 19178.6 14984.76 19491.22 22669.56 9729.117 7294.632 12984.54 298342.1 109955.1 68998.91 101603.7 228747.9 12168.56 15602.28 39873.29 23481.22 9457.847 175107.3 27084.96 24420.69 8715.227 11301.31 9309.272 6612.67 4573.372 5772.612 5677.393 5752.581 3500.836 2449.781 2293.609 1957.723 1840.383
234196.4 443763.4 196838.8 319156.6 45472.23 60948.07 44769.57 91726.48 66890.16 217969.6 67125.86 59168.02 355087.7 97107 63230.27 68842.89 139368.5 162239 95886.27 222644.5 421878.5 46270.67 62456.4 93259.23 71441.88 149488.8 22130.29 16439.01 21400.34 14540.66 12096.9 14655.47 44649.09 44307.41 15603.75 29826.33 35211.57 392198.3 35961.74 18368.44 12380.47 15733.09 16348.95 13994.04 14904.72 21242.98 205329.4 323593.8 25584.76 62153.74 165635.6 15629.71 19149.15 15305.4 13699.63 13020.72 7316.053 6984.275 6440.104 5426.395 4852.29 5635.228 4981.947 4983.016 27346.06 9987.854 24004.58 2513.665 1642.447 1564.081 1795.873 1853.254
89566.91 96326.74 141539.4 74987.47 58892.51 58196.66 44434.79 58589.85 158861.3 232153.5 92022.38 47896.45 136500.3 515601.3 560122.4 74174.82 67048.55 37165.31 43501.88 233954.5 92281.52 26122.73 110332.2 145549.2 34190.02 19840.94 29812.62 118484.1 31191.24 12316.59 11326.96 15269.23 24845.33 55343.57 25968.79 8017.431 6036.083 8869.297 13660.88 8814.187 10423.15 17106.22 28292.44 21861.66 17117.92 39102.47 30393.56 383858.9 48913.08 20406.99 148191.4 305376 36553.36 17816.16 17732.74 187239.7 10508.58 5629.596 5423.728 3988.306 2619.152 2730.767 4111.504 4874.027 7065.234 9761.093 30806.29 44797.83 14341.34 9921.209 2927.889 1613.148
177283.7 71921.05 116911.5 331066.8 112029.6 236665.1 55409.62 61514.08 59175.53 47345.2 48185.79 69892.41 54424.16 69223.2 44547.28 29937.18 68264.67 37435.63 26061.67 68809.78 37400.32 16543.55 62050.03 17455.08 23075.55 14861.01 24390.73 54820 16548.91 7962.349 12170.13 12061.22 16584.12 41564.46 24380.03 7998.912 7270.425 6238.352 15605.74 15265.88 64467.38 116274.8 35574.29 24759.46 25247.85 26870.41 37299.2 22490.01 61599.73 105399.2 13786.11 9795.193 11647.7 5181.637 18696.27 19953.7 5448.096 4375.362 5724.034 3006.095 482.9252 487.0284 730.6857 727.4304 1420.509 5438.819 12800.42 177850 308442.4 19041.45 6823.743 6533.325
266784.9 147844.9 133587.6 572425.6 72275.05 62934.76 95058.86 65345.7 37886.11 347547.7 251835.5 93425.02 47316.68 25967.23 58597.3 66328.38 38753.92 26286.72 37946.46 295495.2 26771.58 39600.16 188311.8 29915.05 17374.71 11514.84 4644.775 6431.318 4064.698 7253.849 7970.981 7475.557 15059.43 13469.67 79843.63 159297.6 26143.94 9041.586 24660.37 18840.83 15372.39 17859.55 7347.152 13577.19 17287.92 98794.28 22473.23 12390.43 16550.58 43588.73 19265.79 3615.011 2844.24 4522.503 12551.87 7982.328 9300.261 9285.795 61327.46 2979.895 1456.571 1359.206 1385.08 1589.209 1740.041 3154.821 6839.233 26807 18305.16 15039.28 26080.34 216796.3
679982 113360.6 98301.77 108093.3 85031.83 51349.83 48675.44 61117.46 37056.21 97914.89 30352.7 22357.83 21543.66 12913.91 22899.29 16782.74 9123.621 10828.41 11834.9 10275.92 35795.66 186786.8 12559.47 12357.69 5269.929 3418.977 2447.618 1764.744 2078.34 2818.409 7458.74 8020.184 7018.826 3560.21 34958.15 118615.7 33707.06 62399.63 101330.4 8535.481 4368.674 5821.123 10132.65 27629.32 33267.52 45964.58 43333.98 41390.61 15588.17 5322.301 4784.363 3302.842 2547.121 3649.596 4973.319 7256.425 8210.885 4820.925 4757.038 3532.935 2102.051 739.7669 2071.517 2573.936 2856.457 1517.688 3947.777 6121.177 8643.474 10304.3 30945.84 18403.09
546962.9 126995.6 102337.5 74112.31 59473.34 32771.72 23645.7 41908.45 31933.26 33103.4 14220.63 7399.762 6961.101 5849.216 4800.381 6024.236 6171.943 6374.551 6441.839 7809.221 12158.48 11574.19 9458.497 6005.042 2280.34 2022.567 1842.686 1503.358 1642.17 2722.895 6033.138 6204.568 2249.369 2058.79 2147.285 9353.386 70180.83 107114.1 47610.36 5484.117 8542.278 37876.23 29837.18 10289.36 9407.409 25566.24 93543.23 41838.63 18164.99 8545.145 6615.462 3294.929 4247.069 8067.267 4117.206 8870.666 3288.604 2156.182 2613.987 3834.202 2529.199 2281.039 3020.527 4111.999 22469.54 5891.381 3722.622 2413.537 35995.16 37940.92 19042.18 3837.605
136396.5 729470.8 880328.4 514430.2 154208.6 54568.39 31809.09 43203.48 678830.6 33389.84 31977.61 5750.271 4337.551 4378.408 6385.895 8929.929 7428.371 5154.921 5078.506 2782.885 4216.445 8355.819 6133.915 3821.056 2093.592 1601.214 1338.108 1327.88 3697.35 4866.201 5228.214 5238.441 5049.83 3775.872 2927.712 3068.113 2691.132 2635.686 5518.958 7283.852 7370.36 13925.41 10025.47 4174.524 6152.11 7631.88 9100.487 5890.172 5712.269 8616.725 29717.03 8195.519 14960.92 16125.82 5092.499 8107.606 2335.773 1304.884 1632.174 2129.033 1912.478 2827.206 5353.987 5412.473 5329.736 5727.007 4862.787 8971.372 16964.51 8726.963 192252.8 50988.66
92768.34 658091.2 315926.1 759013.3 317934.9 74945.79 112491.1 28343.93 12077.72 9615.164 18831.25 18948.9 15773.16 9863.789 7914.044 25497.95 63622.47 13372.83 9286.646 1761.651 1441.501 2083.777 3149.561 2913.993 3227.371 5739.989 3281.036 3383.951 5063.576 5330.051 5340.168 5297.538 5283.668 3644.664 3123.112 2970.396 2699.538 3419.542 5946.306 8362.608 8341.092 6873.868 6837.14 6387.952 10295.72 10065.8 9459.298 10494.98 10228.3 22240.5 36889.3 79602.14 42897.33 13169.82 6795.5 13542 3056.897 1783.363 1391.755 1604.872 9993.363 1818.382 2195.026 2984.956 4056.969 14097.43 8525.149 6858.05 5171.506 3330.081 242530.7 95279.64
74399.36 16888.07 121208.8 138915.7 91781.01 84121.2 40272.84 19457.12 61571.35 5568.851 11548.62 113537.6 222146.4 9287.338 1107.354 20712.96 31997.85 8406.833 9348.117 6364.735 2910.401 1691.798 2923.459 4216.175 4861.789 6441.576 7870.099 10765.12 6355.74 5366.384 5415.023 5431.633 4982.788 3198.584 3185.32 2887.48 2734.382 4205.997 3565.609 3976.092 6477.252 7398.804 8413.119 10617.58 10033.16 8940.22 64709.14 139519 25074.59 16077.13 10049.75 17805.73 11858.17 19146.8 27097.42 3905.927 2429.242 2293.615 1740.751 3531.123 7236.945 1936.414 1967.6 3113.513 17467.11 7311.513 20820.79 5748.623 3925.118 3099.118 1854.58 1400.197
103923.4 144387.2 363891.5 418922 246160.9 265107 143853 58925.75 25460.19 10124.95 12075.62 26087.23 12653.97 0.8493671 68.36893 2617.039 1095.093 5031.772 4392.597 5809.249 9441.206 17822.91 16409.47 6563.703 5604.693 7675.787 8497.07 12589.59 8606.813 42678.32 6467.644 6598.245 5539.382 5414.942 5389.083 4237.521 2809.08 1999.708 3052.067 3689.182 6915.202 10129.29 39350.09 14290.86 12277.89 30840.89 23814.91 25464.3 149799.5 46293.08 5288.11 170.3515 803.5466 1390.892 4148.825 3338.511 1014.2 1090.379 1082.107 1768.725 1607.764 1656.683 2034.781 1773.515 2109.879 3409.46 2382.851 2871.097 2086.359 2476.497 6548.098 1383.588
-9999 194922 165816.9 233996.2 183455.5 292551.8 280241.6 294439.8 96294.26 41046.35 27556.54 7202.927 -9999 1.017611 3084.511 4696.854 2865.277 2560.269 5186.304 4348.528 49401.27 49410.98 31623.04 10572.9 17324.63 10273.33 9959.683 10139.05 6436.547 84507.84 10785.42 11242.9 5703.318 5582.171 7913.435 5786.112 2856.443 3511.13 19392.31 23451.37 66459.18 42065.66 55966.77 61600.55 155114.3 118050 134684 23339.68 223344.9 249808.9 369089.7 338261.7 51059.55 65119.63 8461.041 2883.952 1043.444 1691.466 494.3426 425.752 764.8917 376.675 657.1404 1030.676 1670.542 1680.621 2026.033 1304.482 1115.08 1665.724 1049.995 647.9714
-9999 -9999 -9999 114302.5 135149.5 86049.84 145834.1 325780.2 378838.7 441761.9 403895.8 255136 -9999 -9999 22.80327 131081.1 6886.675 8271.659 9845.146 8375.136 50262.18 50262.18 49560.63 49831.72 49937.48 44272.43 26918.22 26098.95 25050.03 19910.01 13501.8 31394.7 138699.8 18821.98 43945.39 133805 38935.95 38965.63 83267.07 39060.89 731575.6 194640.4 88420.93 35635.1 72310.86 545058.8 193074.4 119434 12850.48 8770.198 31928.43 1572524 35697.4 112789.1 47164.06 13550.22 45897.23 43918.55 12148.66 2466.712 636.7587 411.9364 601.147 647.4287 818.2646 813.4248 879.4158 875.1185 10071.41 3324.49 3156.33 2652.263
-9999 -9999 -9999 -9999 349.0158 146536.1 279255.4 123195.2 196940.3 109520.3 164223.8 421891.8 103836 -9999 -9999 260.2635 5308.596 11278.04 13142.99 10404.65 51085.72 47368.38 79831.54 67441.65 51144.45 50068.09 36719.84 35779.69 35782.06 35259.21 16676.86 20446.25 34660.48 530640.1 194551.1 151435.5 72102.33 60343.77 609236.9 113845.7 78368.42 34503.98 74794.93 33360.26 31195.8 30118.81 12546.46 6905.781 10234.81 19098.32 152321 21167.52 49409.04 153478.1 42751.15 0 7760.086 158933.6 9318.737 2341.324 393.4114 1131.708 1862.859 399.2741 1836.959 2762.532 2275.114 682.5111 660.2335 710.4526 2128.092 7041.462
418322.8 79506.83 3363.916 45790.2 48767.55 219983.3 138016.6 122696 737770.8 310168.3 211749.1 161246.4 299587.7 12363.53 -9999 -9999 3921.947 308.9191 18265.92 16289.52 54645.22 74169.44 100717.1 100774.9 504206.8 200334.3 88582.5 37026.7 36328.38 36311.84 47035.14 76353.23 154147.6 1601518 625757.2 439491.3 267718.6 157045.5 29247.17 39663.38 29108.93 23498.77 24509.84 110373.9 282437.8 81135.52 362828.4 101402.7 49235.11 42881.92 292870.2 9919.77 1277.309 8241.155 0 0 0 209.3524 6043.929 4684.821 1646.385 455.9989 18.42637 783.9644 2218.202 2179.09 3952.45 419.1932 597.1877 4816.21 16132.4 83085.41
309368.8 323216.7 223290.8 344843.1 192278.9 133010.2 107893.2 234054.4 919592.3 247504.2 469956.5 423019.7 241234.2 1149334 137009.1 -9999 4570.983 17997.9 20652.29 25720.98 34103.09 96671.54 94588.18 102025.4 80920.7 72832.91 294257.8 180053.8 154883.8 84903.09 429299.8 239408 627470.8 826552 998897 1579414 1487504 301137.5 46702.03 10119.84 16239.52 6357.103 23003.69 54909.47 199904.3 78715.89 13148.95 2303.068 481.468 299.7108 2601.655 3588.971 1302.862 1447.803 0 0 0 905.3067 63385.07 45554.48 46632.94 34007.11 37991 18119.99 855.3524 54.52491 405.0097 790.3406 829.1392 2857.092 88502.79 373347.8
178367.8 105160.9 30315.67 128495 92142.91 208363 181474.9 292040.2 271777.7 218194.3 231876.6 315086.1 447009.5 89623.75 -9999 -9999 166.2469 12823.48 26091.48 26063.14 28999.57 51198.65 51201.46 52404.18 72309.34 78411.89 86536.46 152104 196760.1 578753.6 738591.3 495802.8 207994.7 180572 102102.7 71607.34 60619.06 33553.13 28814.38 405939.8 579175.8 173014.1 108269.9 36062.76 0 0 0 0 0 0 40.90278 1788.865 4567.909 1377.105 684.3904 0.8066979 1087.631 3424.584 28023.69 5365.039 4336.677 35941.89 343454.5 97844.14 105387.5 5000.165 5556.949 16178.15 1749.607 15685.42 527595.1 56851.28
103588.3 134725.9 376241.3 326699.4 329263 256489.7 177836.3 312809.9 296094.2 321476.4 636946.4 212843.7 614759.7 1352.677 -9999 -9999 -9999 3193.367 26464.17 34242.89 68920.41 69514.01 51895.5 51834.92 69970.63 92515.86 82401.16 75459.59 127539.6 311673.8 428592.1 506301.6 1066632 371416.5 123359.7 31603.25 11703.92 2046.626 4995.565 25217.18 140915.6 570599.1 526.2397 0 14526.05 7788.777 222.8054 228.9242 2.309243 23756.39 2707.941 2957.364 7277.313 835.0217 1577.187 6110.654 1863.71 278.6382 1816.565 2349.804 43.92345 789.7422 2313.109 18025.13 361522.8 138312.2 325580.5 88674.84 4982.356 76523.99 1211970 49805.09
533387.2 750623.6 473721.5 465756.1 448784.9 559217.8 486007.2 249966.4 503299.9 362241.4 625975.7 163211 247286.5 755762.1 152504.7 -9999 -9999 3181.726 167242.5 275831.8 79727.09 203439.4 654642.2 63309.51 56341.77 90283.42 94102.39 84202.76 83994.34 84924.72 240495.2 415945.6 695849 608065.2 232309.9 57366.45 26556.35 3628.308 5894.27 14518.22 37771.73 189816.1 112287.8 479087.6 141636.4 22425.4 9678.473 2872.601 3298.959 1692.558 1096.108 42.73419 5.631091 39.82328 801.8124 5731.813 3173.535 438.9228 477.1673 3991.709 3854.85 34484.83 17270.49 18092.8 25974.49 152164.5 488647.2 199526.4 113171.5 393715.4 374864.3 198818.4
999145.5 2193080 473748.8 254979.2 315723.5 299285.8 802788.6 602261.7 671522.1 372018.2 293158.7 130998.4 244503.9 361861.1 503935.6 458275.9 719298.9 432975.2 395556.6 75908.02 52903.22 132240.7 225301.9 938693.6 324560.3 82491.37 95227.35 94090.81 140916.8 217391 385759.3 364975.4 450770.4 413555.4 164580 87003.97 86985.95 56221.26 57731.95 28739.13 2347.751 1446.856 5396.06 42411.77 43300.91 118468.9 12889.44 1531.443 598.5582 20.07013 0 0 0 0 0 521.4366 958.4818 795.0827 96791.02 12007.96 2621.181 23051.94 18786.71 13971.32 53324.75 1261152 561570.1 1523811 524097.8 351384.6 324941.1 237968.3
1432128 217855.4 163089.4 224647.8 192493.1 74400.85 174106.8 508743.3 642981.7 668417 369007.8 212843.9 222485.4 205837.8 1139310 5916528 161296.1 61108.05 30943.04 23535.97 32934.42 82450.13 225399.3 355714.5 348575.8 94025.15 118496.9 110669.7 222519.7 134546.8 144442.1 98877.91 191329.9 393047.2 67082.74 319019.8 1026430 260645.6 119232 68358.63 39029.13 7603.812 665.8635 794.7472 304.7593 1773.111 528.9361 0 0 0 0 0 0 0 0 0 52.48907 947.3866 4840.645 777.601 3898.832 4529.59 5077.23 21341.95 78886.88 72503.84 344858.9 1153767 709431.6 792684.4 813677.1 956683
1351112 77818.48 18173.37 40059.92 226069.6 86804.97 88451.91 248209.1 264041.7 228726 398504.5 452981.9 613698.1 363897.6 394578.9 366557.3 48317.71 37708.96 24228.33 19432.67 14460.82 25302.07 63410.72 69091.81 100729.8 98960.27 479428.5 132617.6 57936.88 86674.27 132533.6 150623.3 362596.1 2145823 862287.6 3279780 3111875 1747633 1698120 434127.4 69044.39 12222.26 8421.164 485.6341 608.8481 14.96093 0 0 0 0 0 0 0 0 0 0 728.1765 840.085 2716.549 11436.22 4109.756 2043.798 2191.414 9712.278 32360.48 30481.66 70898.02 239439.9 615146.3 1388066 396188.6 1698718
2364134 22976.26 4546.314 6601.942 10928.33 20663.69 131951.6 471812.3 3915538 120260.8 208888.5 261956.4 459641.4 280839.8 246322.7 233582.7 26075.89 10434.62 9600.361 9017.011 6640.905 17961.65 34494.24 53215.26 43012.4 54228.41 79929.07 63150.18 91299.01 112985.8 135124.4 218020.6 488316.2 540508.2 862187.3 2173929 2700252 2932704 1705842 1125588 63792.5 17231.44 16619.37 3700.414 1052.461 383.7477 39.73116 705.4614 1198.761 744.1403 923.4775 416.9454 216.9729 33.98356 228.8326 455.4807 350.894 897.549 2357.595 18537.7 34465.75 30803.95 11027.62 17423.89 20966.03 24307.21 37212.23 38144.44 396233.7 528566.6 592909.4 732854.9
1103466 18754.14 3323.406 3378.347 1665.228 1641.082 15353.26 343227.6 1382533 465163.3 236262.3 179117 336617.9 185420.7 300331.1 768145.3 615024.4 59254.82 129738.5 17386.1 8781.67 7207.678 54497.02 40240.91 29953.52 48463.95 106659.1 32262.65 97745.05 152365.9 102867.6 145721.6 83933.09 351896.6 1179949 1167737 1790109 3006981 5544413 2078048 587603.1 83615.04 12595.36 8118.912 5687.758 2392.327 1630.65 2982.407 2478.876 1554.515 1112.484 3435.928 2260.323 1178.828 3131.579 10733.23 10752.89 19343.84 7246.985 23483.12 46357.17 23126.51 29372.32 24541.65 35515.04 38929.23 30056.75 51933.14 168775.6 668892.4 746133.5 463802.7
286024.5 47253.03 17618.93 18656.06 24873.24 7033.953 1659.846 93647.9 439571.9 711872.2 612943.7 371033.8 671399.6 344582.5 255654 172998.1 357782.1 68145.72 226470.3 47859.45 24994.24 27038.22 60794.1 15543.14 33546.93 79907.41 18501.2 69913.32 181836.8 388073.1 92512.88 107093.5 46540.74 153828 759951.2 924152.3 2822066 5481863 7562799 3701631 1897748 684273 81791.95 15804.57 2151.412 1792.508 1817.611 2731.042 2603.787 4355.005 2992.612 3548.925 3959.071 6140.888 8259.615 27004.72 39479.87 33139.63 30021.33 34349.36 43053.06 54999.1 50915.88 36196.77 52640.31 30041.3 73918.31 411115.4 2729897 1454708 2364400 1945702
2461.375 20722.18 39652.26 25853.32 30579.6 31329.76 29650.12 117243.8 29040.81 55934.61 253762.8 989050.7 414968.9 231773.9 213242.7 180632.5 167695 65777.23 30032.35 110580.5 131676.9 70170.8 85230.95 69301.18 98449.48 93221.69 18867.34 15859.14 29528.79 27810.3 549676.1 315620.4 141533.9 163369.4 1034009 3422004 3497239 3398984 2410378 3050528 4200293 2364347 1258725 293152.5 59278.5 7319.793 1996.526 4287.369 1520.913 2569.129 3668.586 4897.829 5349.108 5954.934 13908.06 31582.41 15208.72 10734.69 13581.38 21353.67 20736.31 28311.87 34884.66 16825.78 42690.59 65115.35 197608.9 3596596 5693648 2822695 3079363 1998837
34624.51 52946.05 20489.69 11383.58 21347.98 30429.32 18180.53 17496.15 4261.912 1806.049 65115.08 806354.9 493296.8 0.3763781 151264.2 309899.3 901085 189641.5 57613.3 95977.59 79419.53 110045.5 122844 94884.43 98996.92 26349.88 7273.372 15929.83 17578.65 52351.68 202726.3 166493.5 93383.49 133406.8 1773929 2875441 1616875 1329795 1217269 1984126 3134231 5629084 3328988 1340364 646466.1 387644.2 67696.34 6235.547 5269.488 5960.333 10828.7 33848.41 77574.2 83673.58 65705.49 258551.7 27219.9 13389.99 35402.52 12727.49 8097.126 19324.01 31763.28 27766.77 30242.64 31556.53 448023.5 1739951 2818332 3120784 5238864 1496434
61738.93 42784.11 28010.56 23137.66 38299.28 40087.33 15523.06 11034.46 23284.61 33491.9 40162.9 164741.4 118010.1 -9999 28467 128592.4 104993.1 162386.8 123753.5 85026.75 59436.4 140451.2 106750.5 64907.8 65258.46 54572.68 19168.72 15769.14 36125.43 45326.66 115892.8 266692.3 1041185 1066248 1850049 173290 234037.7 505894.1 690954 1526310 4134566 1.511959e+07 5327173 4944174 1870610 1316321 619185.6 581992.9 353880.1 50072.36 15176.07 30732.15 20895.5 40050.74 20320.08 21244.14 25539.09 20424.02 70896.24 62299.8 22333.56 7865.243 22451.94 46896.17 30914.66 82741.89 574130 584030.5 1855937 1946069 1154907 709838.3
42214.18 30878.62 5777.497 11061.28 43611.8 43753.77 18412.89 41881.99 56887.54 39710.29 32637.22 18428.61 28140.69 83999.93 1.283404 11741.89 141004.3 106441.7 83774.11 141442.8 237612.8 155703.4 58357.23 38631.82 59812.21 55246.12 66946.91 29021.81 28689.52 33234.23 83420.5 930604.9 2562524 631775.2 167886.6 165086.2 331154.1 807326.5 1143231 2186530 2506055 4287358 5641351 4304296 4280258 3938520 3166681 3257923 1870903 2212779 480633.6 357602.9 753902.9 128432.4 42175.83 98939.05 77770.55 287521.8 1033348 1379343 90129.78 27943.57 51734.23 174123.5 165571.2 235384.2 793771.6 1140962 1331160 1505762 1817999 1005600
16633.37 15012.75 12529.58 14985.7 31289.41 24912.52 58961.07 139363.9 105320.2 34395.38 19008.3 7245.366 19122.23 1061613 1102778 3977.523 -9999 14246.75 36806.95 57208.38 31374.79 101419.9 31592.62 54230.06 64797.33 81359.8 94393.3 101781.9 78688.88 36172.6 73086.1 745078.1 1507189 173531.6 98919.53 203964.1 838093.6 1184354 1446428 2684438 1811686 2123477 2751138 3134218 6520383 4748263 5177283 6438995 6955748 7702611 4464201 3470189 3836789 3083692 2160644 2914112 2785400 1105242 1365816 172712.1 38952.12 30229.5 77205.4 300416.1 563314.8 700040.6 594300.4 874253.4 1596951 1706124 2591888 1015612
