static/data/demographic data in a grid format/gpw_v4_basic_demographic_characteristics_rev11_atotpopmt_2010_dens_1_deg.asc
ncols         360
nrows         180
xllcorner     -180
yllcorner     -90
cellsize      1
NODATA_value  -9999
[rows 64 to 95 of 180, columns 142 to 212 of 360]
-9999 -9999 -9999 -9999 -9999 -9999 -9999 -9999 -9999 -9999 -9999 -9999 -9999 -9999 -9999 -9999 -9999 -9999 -9999 -9999 -9999 -9999 -9999 0.05199604 0.02794797 0.01601382 0.02220815 0.02221373 0.02219924 0.02221264 0.02223043 0.04187204 0.157863 0.09311073 0.08873791 0.08973653 0.0897565 0.0897565 0.0897565 0.1684756 0.1337111 0.1891551 0.02271885 0.04204422 0.06974415 0.1151872 0.09594718 0.1528486 0.2455424 0.4932996 0.4658868 0.1913997 0.1502875 0.1502875 0.1502875 0.1502875 0.1502875 0.07661681 0.06149293 0.06149293 0.06149293 0.06149293 0.06149281 0 0 0 3.172819 0.7224903 3.457782 0 89.82627
-9999 -9999 -9999 -9999 -9999 -9999 -9999 -9999 -9999 -9999 -9999 -9999 -9999 -9999 -9999 -9999 -9999 -9999 -9999 -9999 -9999 -9999 0.2971949 0.05945914 0.009514684 0.005533959 0.01455326 0.01455324 0.01455322 0.0145532 0.01455318 0.02968113 0.04390854 0.05238546 0.07542171 0.08283637 0.08446395 0.08619815 0.08807633 0.0681341 0.02271757 0.02271757 0.02271757 0.03647448 0.04574752 0.04927232 0.07649242 0.1492002 0.186401 0.1764455 0.1502875 0.1502875 0.1502875 0.1502875 0.1502875 0.1502875 0.1502875 0.07700892 0.06149292 0.06149292 0.06149292 0.06149292 0.06149281 0 0 0 0 0 0.5301463 0 30.5073
-9999 -9999 -9999 -9999 -9999 -9999 -9999 -9999 -9999 -9999 -9999 -9999 -9999 -9999 -9999 -9999 -9999 -9999 -9999 -9999 -9999 1.805776 4.980659 0.05867869 0.001392829 0.005685204 0.01455223 0.01455223 0.01455223 0.0147749 0.01614596 0.02855056 0.04390854 0.04390854 0.04463631 0.06198747 0.08096307 0.08226825 0.08226825 0.05705932 0.04104812 0.03707005 0.0407398 0.5168019 0.054345 0.04002634 0.10017 0.08278059 0.1359214 0.1194694 0.1016736 0.1324981 0.150286 0.1360524 0.1296477 0.1502875 0.1502875 0.07740103 0.06149293 0.06149293 0.06149293 0.06149293 0.06149281 0 0 0 0 0 0.2132588 0 7.326861
-9999 -9999 -9999 -9999 -9999 -9999 -9999 -9999 -9999 -9999 -9999 -9999 -9999 -9999 -9999 -9999 -9999 -9999 -9999 -9999 -9999 0.1914993 0.1242704 0.02430917 0.001723108 2.060345 0.01455223 0.01455668 0.01543737 0.0167478 0.01691094 0.03826137 0.04530769 0.04390854 0.04390854 0.04390854 0.04964566 0.07317889 0.08226825 0.07235238 0.06514801 0.06514801 0.08755551 1.170276 0.533392 0.02496971 0.02496971 0.03422967 0.09862695 0.03174007 0.03161407 0.03433141 0.0546357 0.08794543 0.05807942 0.08004081 0.1245727 0.07768603 0.06149292 0.06149292 0.06149292 0.06149292 0.06149281 0.0007451859 0.0009186445 0.001046247 0.001075619 0.0007504085 0.001007911 0.7547221 0.004729397
-9999 -9999 -9999 -9999 -9999 -9999 -9999 -9999 -9999 -9999 -9999 -9999 -9999 -9999 -9999 -9999 -9999 -9999 -9999 -9999 14.44167 0.1737526 0.06914801 0.08984344 0.09851158 0.08496444 0.0156313 0.01628798 0.01691095 0.01691095 0.02034136 0.04610204 0.05259019 0.04390854 0.04390854 0.04390854 0.04390854 0.0511315 0.08318505 0.1230524 0.061225 0.05994412 0.2756986 1.210352 0.6562627 0.0496733 0.06165285 0.09796911 0.09996068 0.03161407 0.03161407 0.03161407 0.03161407 0.07695376 0.07806803 0.05669645 0.05669645 0.05800815 0.06008003 0.06177877 0.06149293 0.06149293 0.0614931 0.1505475 0.1505487 0.1505487 0.1505487 0.1505477 0.1505487 0.1505487 0.8867998
-9999 -9999 -9999 -9999 -9999 -9999 -9999 -9999 -9999 -9999 -9999 -9999 -9999 -9999 -9999 -9999 -9999 -9999 -9999 -9999 421.7546 0.08333382 0.1987225 0.2664202 1.222491 0.3138268 0.03189261 0.03144413 0.03265009 0.03385569 0.03899402 0.04523545 0.06397285 0.04649023 0.04390854 0.04390961 0.04433386 0.06770913 0.08399614 0.1510169 0.1140959 0.05205626 0.07134315 0.1022769 0.2129404 0.7086276 0.1009338 0.1008944 0.1000936 0.03161407 0.03161407 0.03161407 0.03161407 0.04603478 0.09681191 0.06812756 0.05669644 0.05675086 0.0935002 0.1704403 0.1003506 0.06157108 0.06149308 0.2563929 0.2555692 0.2546393 0.2541246 0.253918 0.2532888 0.2533949 0.9755733
-9999 -9999 -9999 -9999 -9999 -9999 -9999 -9999 -9999 -9999 -9999 -9999 -9999 -9999 -9999 -9999 -9999 -9999 -9999 -9999 -9999 0.257183 0.2444793 0.2588103 0.3664709 0.1398923 0.3127234 0.02967778 0.0269587 0.02848027 0.04431906 0.04471764 0.06361251 0.05949418 0.04390854 0.08732293 0.1450128 0.04881583 0.2058682 0.3838398 0.204729 0.06897257 0.1225784 0.2394732 0.7881798 0.8369157 0.1200545 0.1008944 0.1002266 0.03161407 0.03161407 0.03161407 0.03161407 0.051531 0.09136128 0.05783183 0.05669645 0.1265908 0.1988067 0.1988067 0.1988067 0.166554 0.4777674 0.4777851 0.4777851 0.8759062 1.271192 1.264516 4.843421 1.480833 1.72013
-9999 -9999 -9999 -9999 -9999 -9999 -9999 -9999 -9999 -9999 -9999 -9999 -9999 -9999 -9999 -9999 -9999 -9999 -9999 -9999 -9999 83.03825 27.2569 0.5072178 0.6006017 0.917792 0.7360613 0.09968562 0.02167071 0.03334742 0.04471764 0.04471764 0.06106752 0.1466674 0.0798695 0.1009133 0.3043936 0.6641485 0.4683911 1.023026 0.3246413 0.06623272 0.3220679 0.4121508 0.8314493 0.7602932 0.176148 0.1117234 0.2011418 0.03161407 0.03161407 0.03161407 0.03161407 0.05863078 0.1337904 0.1440174 0.1442548 0.2660545 0.2032429 0.1988067 0.1988067 0.1988067 0.4777511 0.4777851 0.4777851 0.6863954 0.8956829 0.8913967 0.9703602 3.187916 4.492996
-9999 -9999 -9999 -9999 -9999 -9999 -9999 -9999 -9999 -9999 -9999 -9999 30.92491 153.6646 -9999 -9999 -9999 -9999 -9999 -9999 -9999 4.205534 3.982599 1.564165 2.428951 2.520006 1.330235 0.6434759 0.3111488 0.1922721 0.04496313 0.04471764 0.0657222 0.07645243 0.2905783 0.3176684 1.367495 1.132279 0.8517676 0.6517429 0.1096403 0.1371588 0.3354849 0.4065731 0.4800331 1.880879 3.513735 2.34227 1.649428 0.08320124 0.1594788 0.1950592 0.1963527 0.1684933 0.1627284 0.1627417 0.322216 0.6276245 0.4151763 0.1988067 0.2054094 0.2126373 0.4777525 0.4777851 0.4777851 0.5437248 0.6084965 0.9184039 1.669508 2.303813 5.460487
-9999 -9999 -9999 -9999 -9999 -9999 -9999 -9999 -9999 -9999 -9999 -9999 50.06406 61.11598 -9999 23.00916 -9999 -9999 -9999 -9999 -9999 19.51578 14.13439 10.81609 9.556746 6.464838 4.822856 3.140509 2.594105 2.178674 3.373636 0.584178 0.8237194 1.403307 12.36974 3.404692 1.66383 7.810247 2.384998 0.7404256 0.2967664 0.2109723 0.6791658 1.994823 2.05518 0.6106057 0.901067 0.4302188 0.2772299 0.2642812 0.1987748 0.1987748 0.2371024 0.5772057 0.3716562 0.1717538 0.4875971 0.6456066 0.4156384 0.1988067 1.84182 2.369957 0.7290461 0.4777851 0.502185 1.188493 1.28089 1.74552 1.934053 19.92165 52.08743
-9999 -9999 -9999 -9999 -9999 -9999 -9999 -9999 -9999 -9999 -9999 -9999 -9999 26.48878 117.9924 8.564447 -9999 -9999 -9999 -9999 64.9937 48.75428 13.97412 6.402678 13.63041 11.76595 6.155629 7.805802 10.3718 5.230911 4.865665 3.298734 2.950586 6.98273 9.891045 2.934511 2.143967 1.482161 4.623383 3.08197 2.209121 3.086772 5.727115 9.646845 6.153838 2.386047 4.74801 4.746929 0.2644141 0.2641802 0.1987748 0.2081758 0.6501817 0.7924623 0.8573471 0.9453838 1.126895 1.78283 2.446304 3.597907 3.898226 2.182624 0.8719282 0.4777851 0.47892 1.728255 1.7716 2.020279 2.501061 3.259154 165.0976
-9999 -9999 -9999 -9999 -9999 -9999 -9999 -9999 -9999 -9999 -9999 -9999 -9999 40.40697 48.17186 -9999 -9999 -9999 -9999 -9999 1156.541 106.8209 48.04999 8.453343 6.206451 8.811341 16.26558 8.940259 9.092124 3.586214 4.464482 6.123335 12.9362 18.96674 22.89884 10.71701 9.376065 13.76891 14.25758 16.67966 9.88927 10.0088 18.56784 41.46845 33.38734 24.23988 15.28298 15.44223 3.830263 1.817558 2.577268 3.151891 2.397472 4.316537 1.290751 1.254089 1.991594 2.700903 5.336671 7.276562 7.607933 5.149633 2.427508 6.37265 3.623758 2.098956 1.8119 3.261774 4.910186 10.07341 47.6073
-9999 -9999 -9999 -9999 -9999 -9999 -9999 -9999 -9999 -9999 -9999 -9999 -9999 -9999 -9999 -9999 -9999 -9999 -9999 -9999 -9999 98.51569 37.51223 22.0285 11.91932 5.917887 5.15063 5.39664 7.880379 7.309928 16.11011 26.66945 24.25632 23.54455 19.06721 33.29172 33.25743 25.42517 17.32412 18.98824 63.56399 26.65582 28.83669 95.61433 49.43021 76.82123 76.10497 35.91961 12.7556 10.15848 12.16089 16.63953 9.956043 16.09121 6.652027 3.789525 2.161852 2.982997 7.610108 13.25592 20.07667 20.85734 24.94842 15.30278 4.16387 5.597617 7.722799 12.55659 17.00485 13.332 41.88385
-9999 -9999 -9999 -9999 -9999 -9999 -9999 -9999 -9999 -9999 -9999 -9999 -9999 -9999 -9999 -9999 -9999 -9999 -9999 -9999 -9999 32.68761 27.5194 21.48652 11.7734 7.295181 5.652097 4.385829 6.184758 46.60683 83.06284 20.0449 31.56564 22.76373 22.23726 40.11367 122.4232 40.31156 15.31375 9.855611 16.43516 32.9896 69.64369 58.32816 75.35397 127.6791 227.8985 83.1026 72.46801 22.18156 21.41212 28.03746 45.42015 41.09762 6.878181 6.002432 6.830268 4.493385 3.421979 8.714745 13.27652 10.5169 24.1777 19.69715 5.961989 8.490817 8.403757 9.32177 15.32098 10.96007 14.13805
-9999 -9999 -9999 -9999 -9999 -9999 -9999 -9999 -9999 -9999 -9999 -9999 -9999 -9999 -9999 -9999 -9999 -9999 -9999 -9999 -9999 11.30027 50.50213 7.574378 9.707283 33.09688 9.945779 6.949238 18.08202 18.15206 13.89444 16.91284 26.10316 46.64317 24.18098 20.76999 21.82277 42.4273 21.24993 12.62102 15.0483 25.09777 46.35062 43.83396 37.94933 147.183 278.446 101.9101 83.35179 42.18144 20.5418 63.99738 34.58325 11.24151 4.234843 4.447064 5.494592 2.875002 3.324511 3.487908 6.348587 12.8779 32.15607 22.69973 14.72441 7.76795 5.735845 5.773476 6.319604 5.167459 5.200955
-9999 -9999 -9999 -9999 -9999 -9999 -9999 -9999 -9999 -9999 -9999 -9999 -9999 -9999 -9999 -9999 -9999 -9999 -9999 -9999 -9999 -9999 11.78262 29.33353 18.23023 22.00537 11.11214 8.772599 18.44544 7.615304 6.538229 16.48219 21.86869 20.37509 17.42264 21.97027 17.76873 43.09172 37.08408 21.48604 15.1702 14.13886 20.45565 25.25787 26.63668 92.43793 59.18035 40.33494 41.81358 75.78373 35.24019 79.74702 61.55951 22.10744 7.746603 5.164602 2.73627 2.837206 3.098354 0.8737705 0.9306153 9.015779 17.41729 7.493895 11.06671 6.504175 3.994069 3.347215 3.208155 3.726609 4.910973
-9999 -9999 -9999 -9999 -9999 -9999 -9999 -9999 -9999 -9999 -9999 -9999 -9999 -9999 -9999 -9999 -9999 -9999 -9999 -9999 -9999 -9999 -9999 41.46795 157.2823 24.07982 12.10185 13.23317 9.591202 5.933016 6.988009 11.91094 29.42847 6.470204 6.765975 13.31789 8.105301 33.36218 22.44565 34.93481 22.85419 14.50401 14.41321 36.97463 50.97395 84.52793 110.16 64.63573 23.64631 57.02509 59.02211 42.9537 25.20862 32.75483 17.27829 12.84486 7.079321 4.292485 0.8391243 0.6284676 0.5742005 3.296724 5.511232 0.47879 9.571824 15.10387 10.47167 9.392922 5.944228 12.49701 4.28918
-9999 -9999 -9999 -9999 -9999 -9999 -9999 -9999 -9999 -9999 -9999 -9999 -9999 -9999 -9999 -9999 -9999 -9999 -9999 -9999 -9999 -9999 -9999 -9999 330.6007 34.26735 27.88602 37.71441 14.362 12.6949 8.542159 11.22717 14.06894 8.280944 7.365578 13.91571 9.222542 17.32134 24.12411 21.26966 20.98904 50.17472 99.95911 47.08521 35.07727 62.41669 49.89506 35.81945 20.94106 30.52172 20.276 15.10581 7.31565 20.8074 25.75964 20.42359 8.6881 0.6215268 0.4634055 0.4883503 0.2520212 1.277008 1.340309 0.47879 4.092778 11.07144 15.05218 9.793412 8.669003 8.096457 9.80748
-9999 -9999 -9999 -9999 -9999 -9999 -9999 -9999 -9999 -9999 -9999 -9999 -9999 -9999 -9999 -9999 -9999 -9999 -9999 -9999 -9999 -9999 -9999 -9999 32.95601 18.86399 46.31445 10.86875 13.58573 38.29085 39.33219 32.61221 36.31671 29.45581 20.9672 45.31184 38.55966 13.95552 42.79632 42.2925 49.47025 170.3609 222.2073 191.1261 92.16064 72.73719 75.91481 56.75428 18.80641 8.906443 4.674096 9.171079 7.283096 9.73926 10.1976 4.668046 3.458453 1.731789 0.3013758 1.248351 0.6941741 0.127012 0.04839043 0.3012312 1.430327 4.747645 7.0971 11.75272 7.028218 7.164371 7.916591
-9999 -9999 -9999 -9999 -9999 -9999 -9999 -9999 -9999 -9999 -9999 -9999 -9999 -9999 -9999 -9999 -9999 -9999 -9999 -9999 -9999 -9999 -9999 -9999 -9999 -9999 18.84251 79.91259 13.30704 19.18632 35.65472 56.1963 56.60145 28.23441 34.36536 45.42176 154.5764 69.20017 63.79301 179.9837 246.059 936.2051 90.9174 89.51574 185.7978 214.4805 99.01266 45.78909 45.88199 18.16885 6.331077 7.824642 6.518649 8.122237 5.210146 6.845389 2.911967 4.194295 0.7623902 2.101865 0.9261136 0.1503007 0.1715796 0.03101335 1.718217 1.991293 4.262864 8.598155 10.14378 7.654128 5.499128
-9999 -9999 -9999 -9999 -9999 -9999 -9999 -9999 -9999 -9999 -9999 -9999 -9999 -9999 -9999 -9999 -9999 -9999 -9999 -9999 -9999 -9999 -9999 -9999 -9999 -9999 -9999 111.8045 9.262586 6.031976 10.53136 46.03662 36.41172 183.2433 111.2174 32.68792 76.36952 347.2545 95.11423 229.2765 -9999 -9999 113.4955 137.4911 196.3517 392.1716 53.67635 23.69291 78.08697 8.235644 2.863891 6.093029 4.853449 4.555918 3.84177 2.817277 1.581625 4.384072 7.238806 3.850718 0.727166 0.6564988 0.5054818 1.527864 1.179589 2.97515 6.075429 3.969339 5.012672 8.738668 5.349635
-9999 -9999 -9999 -9999 -9999 -9999 -9999 -9999 -9999 -9999 -9999 -9999 -9999 -9999 -9999 -9999 -9999 -9999 -9999 -9999 -9999 -9999 -9999 -9999 -9999 -9999 -9999 -9999 42.75979 7.984626 24.77469 68.57903 40.32115 -9999 -9999 50.96675 402.4998 -9999 -9999 -9999 -9999 -9999 -9999 79.54363 176.5554 423.5769 149.6604 104.0227 9.870022 16.44692 5.509681 4.916671 5.873395 8.824601 4.700053 4.08129 43.44619 10.87012 10.58663 9.058189 6.543693 2.448312 2.388799 1.3951 1.163229 2.636565 5.348283 5.289953 12.81671 13.50377 11.32213
-9999 -9999 -9999 -9999 -9999 -9999 -9999 -9999 -9999 -9999 -9999 -9999 -9999 -9999 -9999 -9999 -9999 -9999 -9999 -9999 -9999 -9999 -9999 -9999 -9999 -9999 -9999 -9999 -9999 -9999 -9999 -9999 -9999 -9999 -9999 -9999 -9999 -9999 -9999 -9999 -9999 -9999 -9999 -9999 -9999 -9999 83.76497 205.8637 10.48855 117.3647 5.701861 3.141074 3.362051 3.619594 3.325028 4.184319 9.315376 27.62625 15.03387 9.91117 7.073637 3.229952 3.352831 3.833151 4.771352 5.499107 3.40952 8.906425 47.26754 51.57685 19.85405
-9999 -9999 -9999 -9999 -9999 -9999 -9999 -9999 -9999 -9999 -9999 -9999 -9999 -9999 -9999 -9999 -9999 -9999 -9999 -9999 -9999 -9999 -9999 -9999 -9999 -9999 -9999 -9999 -9999 -9999 -9999 -9999 -9999 -9999 -9999 -9999 -9999 -9999 -9999 -9999 -9999 -9999 -9999 -9999 -9999 -9999 -9999 14.55461 10.36101 10.1873 4.640625 3.621579 2.280989 2.076592 1.490364 1.834479 14.26044 16.89189 15.80205 16.09359 15.18631 6.082309 4.596101 5.563592 5.432221 11.20283 8.822376 11.49821 80.18985 35.22112 60.97467
-9999 -9999 -9999 -9999 -9999 -9999 -9999 -9999 -9999 -9999 -9999 -9999 -9999 -9999 -9999 -9999 -9999 -9999 -9999 -9999 -9999 -9999 -9999 -9999 -9999 -9999 -9999 -9999 -9999 -9999 -9999 -9999 -9999 -9999 -9999 -9999 -9999 -9999 -9999 -9999 -9999 -9999 -9999 -9999 -9999 24.84279 -9999 25.5137 12.3064 9.880862 1.800659 0.8240862 0.934967 0.8814214 1.098273 1.880685 5.052457 8.162858 9.124368 10.89944 5.23326 4.845529 5.61865 4.379268 2.54213 5.654086 4.453245 19.09603 69.13152 46.67345 37.74805
-9999 -9999 -9999 -9999 -9999 -9999 -9999 -9999 -9999 -9999 -9999 -9999 -9999 -9999 -9999 -9999 -9999 -9999 -9999 -9999 -9999 -9999 -9999 -9999 -9999 -9999 -9999 -9999 -9999 -9999 -9999 -9999 -9999 -9999 -9999 -9999 -9999 -9999 -9999 -9999 -9999 -9999 -9999 -9999 94.14354 -9999 -9999 59.06725 1.04311 1.170492 0.9048186 0.9603264 1.576675 1.249443 1.083956 2.063881 7.611637 7.086094 5.798272 5.911772 5.64419 6.899113 13.80808 27.85625 2.144641 2.583515 23.95966 99.57771 79.53812 56.64692 206.5595
-9999 -9999 -9999 -9999 -9999 -9999 -9999 -9999 -9999 -9999 -9999 -9999 -9999 -9999 -9999 -9999 -9999 -9999 -9999 -9999 -9999 -9999 -9999 -9999 -9999 -9999 -9999 -9999 -9999 -9999 -9999 -9999 -9999 -9999 -9999 -9999 -9999 -9999 -9999 -9999 -9999 -9999 -9999 -9999 11.02559 -9999 8.959722 9.782017 2.020237 0.912285 1.285559 1.282667 1.79504 1.76321 1.76154 3.67649 18.48242 6.014939 6.116912 6.304478 4.9327 5.329638 4.225358 3.033652 4.268073 3.951534 17.3212 63.70717 90.53233 77.88191 65.07362
-9999 -9999 -9999 -9999 -9999 -9999 -9999 -9999 -9999 -9999 -9999 -9999 -9999 -9999 -9999 -9999 -9999 -9999 -9999 -9999 -9999 -9999 -9999 -9999 -9999 -9999 -9999 -9999 -9999 -9999 -9999 -9999 -9999 -9999 -9999 -9999 -9999 -9999 -9999 -9999 -9999 -9999 -9999 86.14395 -9999 -9999 2.816165 2.592242 1.238837 1.657211 2.340497 10.82746 1.765941 1.915754 3.934301 7.962969 7.662646 4.739391 1.345052 2.060014 4.074116 3.97117 3.544779 3.159584 4.737689 6.432032 44.86375 202.4854 136.5304 61.50586 312.3821
-9999 -9999 -9999 -9999 -9999 -9999 -9999 -9999 -9999 -9999 -9999 -9999 -9999 -9999 -9999 -9999 -9999 -9999 -9999 -9999 -9999 -9999 -9999 -9999 -9999 -9999 -9999 -9999 -9999 -9999 -9999 -9999 -9999 -9999 -9999 -9999 -9999 -9999 -9999 -9999 -9999 -9999 -9999 -9999 -9999 -9999 -9999 0.7784641 1.490137 2.637919 3.2689 3.366556 2.315692 1.927786 10.61768 4.924248 5.976737 4.500394 3.062467 1.948322 0.1806945 0.0433379 0.3432809 9.31467 6.090981 6.291668 106.8258 190.4705 121.6192 35.70293 125.49
-9999 -9999 -9999 -9999 0 60.21231 -9999 -9999 -9999 -9999 -9999 -9999 -9999 -9999 -9999 -9999 -9999 -9999 -9999 -9999 -9999 -9999 -9999 -9999 -9999 -9999 -9999 -9999 -9999 -9999 -9999 -9999 -9999 -9999 -9999 -9999 -9999 -9999 -9999 -9999 -9999 -9999 -9999 -9999 -9999 -9999 -9999 -9999 0.6927402 1.903124 4.570034 4.09181 3.189326 1.894034 3.746506 11.93498 5.573822 4.894984 3.054583 2.707341 0.2186554 -9999 0.4965206 5.863982 12.02623 8.43505 26.58755 186.5016 69.52097 19.85188 48.01731
28.77031 14.81316 -9999 -9999 -9999 -9999 -9999 -9999 -9999 -9999 -9999 -9999 -9999 -9999 -9999 -9999 -9999 -9999 -9999 -9999 -9999 -9999 -9999 -9999 -9999 -9999 -9999 -9999 -9999 -9999 -9999 -9999 -9999 -9999 -9999 -9999 -9999 -9999 -9999 -9999 -9999 -9999 -9999 -9999 -9999 -9999 -9999 -9999 -9999 77.81739 7.401517 14.6923 8.142418 318.6246 10.98428 12.45674 27.50522 23.81556 12.51147 14.86461 12.7498 3.045203 0.464707 4.847742 15.43596 9.750321 15.12764 93.11315 28.72542 5.873102 27.03594
17.8583 11.38965 88.03777 -9999 -9999 -9999 -9999 -9999 -9999 -9999 -9999 -9999 -9999 -9999 -9999 -9999 -9999 -9999 -9999 -9999 -9999 -9999 -9999 -9999 -9999 -9999 -9999 -9999 -9999 -9999 -9999 -9999 -9999 -9999 -9999 -9999 -9999 -9999 -9999 -9999 -9999 -9999 -9999 -9999 -9999 -9999 -9999 -9999 -9999 3.878108 38.20229 39.85302 21.76091 19.21873 12.18371 14.8922 35.50859 20.92133 18.56235 22.77317 59.80269 16.21798 10.64515 10.4302 14.66191 10.05245 8.106727 15.52698 6.927799 7.828152 16.68381
