static/data/demographic data in a grid format/gpw_v4_basic_demographic_characteristics_rev11_atotpopft_2010_cntm_1_deg.asc
ncols         360
nrows         180
xllcorner     -180
yllcorner     -90
cellsize      1
NODATA_value  -9999
[rows 32 to 63 of 180, columns 216 to 287 of 360]
31622.56 53120.02 156307.3 404881.2 289208.4 172274.9 90591.48 19917.01 24722.76 33257.41 39544.77 27396.55 34598.47 33909.44 19575.91 20364.47 39064.2 78432.49 54030.66 271343.9 326588.9 54522.45 68180.05 205595.2 137451.5 126569 51144.25 41262.81 24491.5 347205.7 19218.22 9988.852 5620.007 5386.208 5845.868 5525.572 4849.251 8737.131 10659.54 7467.999 1723.463 1513.349 1509.24 2593.761 2198.488 3886.815 4914.26 8014.188 11996.79 17205.07 4829.446 3275.695 2163.129 2817.282 2817.146 3397.216 6233.083 7318.71 4660.834 4993.642 5565.263 5821.782 8490.774 4831.304 3681.841 1848.188 25090.46 6749.866 6361.22 4493.248 5522.574 2383.237
183251.7 439814.6 303964.8 108959.5 347815.1 262702.4 90332.78 858905.1 253269.8 39234.21 50383.2 492841.4 110174.8 76850.8 75448.39 67140.7 99074.88 465451.5 162064.1 53127.11 48479.65 53933.55 38834.46 94067.6 904838.9 184820.3 79889.62 74629.63 25617.84 38929.24 54160.64 21195.74 19786.14 50573.61 14021.29 9519.701 8590.938 10794.35 16665.61 11500.22 6601.561 6569.765 3545.522 3657.693 2968.675 3281.726 4571.249 15869.49 195650.2 227810.3 50689.64 24293.49 21180.12 20034.17 95330.5 12463.79 271380.8 168511.3 55208.81 69002.07 15460.11 14157.39 8991.097 5191.884 6052.161 137572.6 6173.106 8870.246 8967.982 5712.256 5524.941 2055.514
392192.2 7574704 937618.4 198561.9 94765.84 82670.4 162054.4 150556.9 82937.03 63518.35 101316.3 165680.8 260748 582056.9 87135.07 233931.7 385192.6 67956.01 82776.66 81671.84 46750.75 47908.5 53482.01 117174.9 161889.1 713441.8 34795.84 29193.39 37279.73 214609.2 20185.73 16908.27 28529.27 60442.33 15945.49 25316.2 31320.21 260850.8 29473.32 22172.83 17257.48 22447.43 26107.83 11204.72 8400.999 14953.89 343591.2 126570.7 80846.16 120072.4 270327.7 14380.46 18207.5 45788.84 26924.44 10843.51 200762.1 31053.15 27998.55 9992.089 12981.12 10799.5 7671.223 5305.474 6696.688 6586.226 6673.45 4061.247 2841.941 2660.769 2271.114 2134.99
277500.4 539218.2 236434.4 382403.4 54573.21 73146.45 53210.15 109668.1 79501.05 256446.8 78500.48 69334.2 419859.1 114699.2 74092.55 80713.48 162529.5 186125.8 109220.6 253606.3 480546.5 53466.16 73208.45 109359.3 84753.84 177322.8 26164.47 19206.32 24917.41 16782.47 13692.24 16361.22 49189.45 48793.96 17184.19 34583.24 40979.93 457224.9 41924.6 21316.17 14216.45 18119.31 18828.57 16116.5 17204.58 24477.55 236471.5 372708.5 29541.29 73386.46 195743.3 18470.74 22589.96 17752.96 15836.32 14952.97 8387.923 8007.536 7383.639 6226.474 5608.973 6537.311 5779.454 5780.693 31723.6 11586.7 27847.22 2916.051 1905.368 1814.458 2083.355 2149.921
109214.9 118438.4 173558.2 89704.17 70141.66 68964.02 52714.45 69730.81 189024.8 276531 109456.9 56683.66 161710.2 610925.8 663685.1 87889.27 77950.61 42696.32 49643.81 266489.3 105114.5 29755.46 129318 172654.7 40555.62 22944.73 33455.33 132764.5 34950.61 13801.07 12530.02 16815.39 27111.3 59783.53 28210.05 8793.623 6679.549 10141.89 15744.74 9982.595 11769.49 19597.65 32785.5 25406.97 19948.82 45547.27 35316.16 447347.9 57004.09 23782.64 175012.5 360884.3 43173.21 20659.82 20507.59 216120 12048.19 6454.384 6215.753 4564.643 3006.158 3156.156 4765.85 5649.511 8190.666 11323.64 35737.74 51969.04 16637.09 11509.39 3396.583 1871.379
215305.1 87196.82 139325.3 394482.1 132691.8 279738.7 65513.09 73183.29 70453.66 56332.7 57300.22 82969.23 64610.58 82055.18 52785.3 35143.93 78572.4 43086.82 29995.87 78626.04 42716.63 18844.16 70838.38 20525.06 27116.77 16687.89 27336.35 61427.26 18543.49 8916.703 13333.37 13226.33 18002.75 44795.57 26275.27 8623.136 7842.212 6781.893 17573.44 17196.69 72621.15 130981.1 41189.19 28852.33 29424.25 31315.21 43469.09 26210.22 71789.32 122784.4 15957.7 11429.25 13705.88 6014.88 21579.86 22987.56 6246.293 4979.534 6368.492 3335.61 535.8612 540.4141 807.269 801.0405 1608.804 6287.17 14843.06 206320.2 357817.7 22089.6 7589.163 7201.855
321554.8 174530.6 158015.3 681135.9 85986.47 74716.05 112758.1 77546.62 44807.13 412953.6 299249.2 111014.4 56225.1 30662.14 63836.52 71825.09 42410.62 29490.25 43661.27 340102.3 30744.78 45433.2 216632.1 34430.95 19801.27 12958.92 5202.172 7206.462 4554.602 7993.801 8590.625 8056.688 16230.12 14516.77 84120.47 167378.9 27689.95 9917.393 27768.94 21223.8 17316.68 20118.4 8240.396 15609.19 19960.79 115104.1 26190.67 14429.85 19149.05 49104.36 21491.79 4034.95 3244.846 5074.632 13936.54 8876.19 10347.47 10304.9 68049.89 3306.537 1616.234 1502.349 1416.96 1574.404 1764.559 3410.344 7557.207 30889.28 20887.21 16629.26 28749.04 238980.3
796331.6 132651 115430.1 128517 101179.8 60452.06 56460.11 70891.98 42982.62 113959.1 35710.39 26279.82 25452.37 14022.54 24593.52 18024.42 9798.64 11629.56 13202.6 11551.74 38708.25 201614.9 13665.1 13797.22 5927.375 3770.793 2684.617 1977.443 2328.835 3147.7 8299.901 8868.31 7631.297 3853.478 36785.84 124558.5 37406.44 69726.69 113281.4 9581.827 4907.92 6489.453 11246.84 30594.73 36862.19 51205.6 48262.36 45852.12 17353.02 5936.976 5337.156 3684.457 2841.419 4057.285 5434.98 7648.875 8500.376 4927.117 5088.976 3918.458 2331.948 817.4374 2018.292 2546.118 2837.303 1484.268 4192.268 6682.358 9411.29 11151.68 33096.12 20273.25
637237.2 150189.2 118983.9 83917.92 69528.8 38068.6 27431.06 48610.87 37040.35 38397.63 16427.65 7976.887 7683.587 6281.975 5155.542 6469.944 6628.579 6841.029 6944.877 8426.184 13119.05 12488.61 10205.76 6479.467 2460.497 2182.359 2020.662 1684.552 1840.095 3051.075 6757.189 6942.117 2514.163 2301.148 2399.865 10454.46 78442.45 119723.4 53215.01 6129.705 9500.273 41938.13 33033.34 11391.56 10415.13 28304.9 103563.6 46320.39 20110.9 9476.059 7330.052 3654.556 4425.854 8174.936 3915.157 8931.361 3178.95 1999.633 2450.156 3757.276 2381.103 2234.128 2963.855 4033.049 23572.72 5771.441 3512.82 2176.588 36879.71 39093.71 18746.88 3498.65
156197.6 879482.2 1050814 615619.5 179040.2 63358.31 36912.7 50113.02 787310.6 38290.52 36274.82 6203.683 4623.572 4697.826 6757.242 9393.839 7831.023 5384.396 5365.415 3002.745 4549.563 9015.966 6618.521 4122.937 2258.995 1727.717 1447.39 1462.921 4134.47 5439.851 5843.689 5855.106 5644.292 4220.364 3272.359 3429.288 3007.929 2945.957 6168.644 8141.3 8228.046 15428.49 11099.4 4621.701 6811.125 8449.41 10075.33 6521.128 6324.169 8710.16 26713.96 7475.184 14918.35 16469.33 4932.741 8265.592 2206 1241.51 1566.989 2026.988 1777.37 2715.835 5482.429 5398.765 5258.337 5537.39 4511.922 8725.388 16619.35 7812.797 202415.4 53657.94
107529.1 796104.2 373490.4 881022.8 369148.1 87018.12 130608.1 32734.19 13298.32 10449.19 21257.9 21277.21 17275.53 10300.41 8263.118 26622.62 66428.73 13962.68 9696.355 1887.597 1555.386 2248.404 3398.39 3144.211 3446.925 5851.846 3400.394 3750.673 5657.673 5957.5 5968.809 5921.16 5905.657 4073.711 3490.762 3320.069 3017.325 3822.087 6646.3 9347.047 9322.334 7573.608 7452.324 7058.363 11398.6 11144.05 10453.95 10784.08 11322.31 22288.77 34760.36 72657.62 40454.97 12242.12 6650.44 14233.68 2951.165 1677.492 1295.628 1496.307 10588.48 1699.43 2135.427 2838.915 3870.1 15341.31 8147.974 6598.591 4806.393 2929.427 261145.9 99827.21
90583.04 19271.14 140228.8 160812.1 106396.8 97320.48 45741.07 22242.49 66434.29 6003.845 12870.73 128801.1 251896.6 9948.773 1156.198 21626.57 33409.21 8774.042 9723.947 6611.361 3071.375 1825.458 3154.426 4377.468 4920.245 6505.089 7947.697 10925.96 6602.387 5806.549 5988.76 6061.827 5569.357 3575.119 3560.293 3227.392 3056.271 4701.124 3957.537 4295.799 6927.616 7837.975 8746.885 11080.46 10676.93 9784.391 61878.19 124371.1 21136.68 15086.17 8667.204 15964.04 10789.96 17087.17 24863.08 3818.191 2309.072 2224.161 1740.642 3740.854 7881.617 1923.101 1894.795 2857.429 18081.34 7048.61 21501.16 5529.711 3743.994 2940.814 1696.168 1282.472
123812.4 167007.6 420870.9 484480 284656.9 304657.2 165102.3 67623.28 28752.81 11279.31 13375.33 29290.83 14355.13 0.9635532 69.80363 2671.957 1118.181 5168.461 4484.773 5931.154 9537.399 17881.82 16475.77 6578.756 5659.955 7751.47 8580.851 12713.72 8691.676 43099.12 6531.414 6737.311 5716.15 5659.974 5700.695 4482.339 2971.397 2113.742 3173.293 3835.539 7189.542 10531.14 40911.2 14857.81 12732.27 29032.97 20795.47 24700.26 140419.4 41078.66 4665.615 129.515 669.2834 1298.629 3847.016 3185.232 964.3438 1056.418 1028.357 1375.608 1530.538 1604.137 1976.474 1629.547 1994.703 3296.104 2324.645 2772.22 2015.916 2420.389 6577.173 1266.95
-9999 225459.5 191706.1 270337.6 211670.5 337640.1 322855.6 338012.4 110544.1 46355.24 29701.47 7764.26 -9999 1.038965 3149.238 4795.416 2925.403 2613.995 5295.136 4437.929 49332.06 49341.75 31578.74 10558.08 17330.06 10348.01 10057.88 10239.02 6500.011 85341.08 10891.76 11382.51 5854.159 5759.044 8353.493 6107.873 3015.287 3706.38 20384.7 24449.07 69095.76 43734.49 58187.09 64041.17 148455.8 107969.7 126985.8 21510.63 206637.7 224049.2 334932 304648.6 41033.7 57517.96 7019.639 2160.014 446.606 778.1686 405.2651 391.0977 755.614 369.878 607.144 1014.824 1655.05 1632.688 1994.753 1248.42 1072.831 1236.98 737.1051 608.8318
-9999 -9999 -9999 132205 157325.1 100135.3 167278.7 371752.7 445193.3 466689.5 429181.6 275013.8 -9999 -9999 23.28179 133831.8 7031.189 8445.236 10051.74 8549.783 50191.76 50191.76 49491.19 49761.91 49867.52 44224.39 26566.37 25522.16 24466.21 19617.41 13634.92 31955.46 142401.6 19365.12 46362.46 141245.8 41101.14 41221 86595.64 40913.59 837208.3 213359.5 91928.77 37048.82 69466.45 529652.9 174084.9 111755.8 10461.23 7193.686 26674.22 1473762 28505.38 100247.3 41608.26 9884.14 42309.28 40177.96 10427.9 1731.012 624.7649 398.0021 546.6248 583.7489 724.4974 720.2897 814.785 851.6085 10062.88 1645.337 1470.322 1137.633
-9999 -9999 -9999 -9999 378.4947 159569.4 299851 129151.4 222568.6 117719 176195.1 454761.7 111926 -9999 -9999 265.725 5422.987 11549.57 13464.16 10622.69 51014.15 47585.27 81626.3 68449.4 51083.89 49947.45 35820.13 34825.99 34828.3 34328 16881.19 20979.92 35588.44 544846.8 199062.7 154600.9 71654.74 63427.77 676415.4 118329.3 81339.26 34908.76 79626.24 33524.23 29003.85 26918.11 11273.83 4473.616 9439.545 16937.22 142711.3 16400.08 43744.63 142252.8 38430.99 0 7033.461 151836.6 6721.023 1268.036 158.5298 464.6007 2099.601 426.3956 1209.84 1455.655 2015.518 657.4958 615.4798 648.811 1053.417 2150.669
424035.3 80219.49 3511.739 47271.88 50733.82 228858.9 140510.6 127153.1 850322.2 326484.9 219152.4 167910.7 307934.6 12553.09 -9999 -9999 4038.435 318.3745 18823.69 16725.95 55158.6 76400.03 103799.9 103856.1 508027.7 201520.9 88384.71 36070.3 35360.05 35343.96 46706.43 76765.3 157629.9 1658080 621008.1 428823.5 265524.5 154597.7 28798.55 39392.98 28298.03 22837.64 23174.46 103739 265850.5 77267.78 342857.4 91972.98 43907.75 38544.64 278689.1 8847.688 945.8784 7392.115 0 0 0 48.85755 3012.645 1754.169 333.638 75.53357 3.477351 1041.91 1979.588 1920.287 3486.768 355.5264 442.6646 2992.882 11556.65 71256.37
301983.7 325697.2 228311.9 352005.8 194808.8 134980.9 102779.7 249022 1048711 256110.5 490146.9 430635.7 246643.2 1176842 137442.6 -9999 4710.893 18548.78 21284.41 26508.25 35146.93 99630.48 97483.35 105148.2 83397.53 75044.69 296618.5 181265.3 155728.4 84223.92 428500 238465.5 627845.6 823563.3 990136.8 1558259 1478224 300845.8 45621.8 9784.082 15879.01 6257.215 21943.86 50840.75 185619.1 67963.99 9753.241 1964.644 435.4377 268.3788 2378.612 3070.6 1045.635 1161.959 0 0 0 853.532 60858.01 42531.3 40511.6 31145.09 35128.4 17213.88 789.5018 46.36897 370.0903 615.3619 639.2249 2065.631 81648.05 347562
170401.9 99186.74 30055.75 112660.1 88575.44 206970.5 172023.8 274831.1 270425.8 222188.3 241422.9 315336.2 453013.3 91312.9 -9999 -9999 171.3354 13215.99 26890.1 26860.88 29887.19 52765.74 52768.64 54008.18 74522.59 80811.93 88722 153888.1 197396.5 575910.9 736199.5 492870.4 207441.5 178119.1 98368.92 68502.27 58935.36 33108.48 27431.59 398617.7 568179.3 166798.2 99546.84 30337.7 0 0 0 0 0 0 22.01526 1647.161 3797.163 1005.863 499.8917 0.5892274 770.5875 2638.303 26654.17 4683.924 3847.426 31596.09 322617.8 94978.93 100040.9 4167.612 4977.278 15293.46 1543.033 14323.57 470655.9 44877.98
100640.3 131635.4 380794.2 331150.2 327297.3 251215.3 171047.2 305436.7 289444.7 315057 623969 208009.1 610606 1379.372 -9999 -9999 -9999 3291.11 27274.19 35043.63 70203.91 71205.86 53483.92 53421.49 72112.3 95347.59 84923.31 77769.27 128715.8 309125.9 423715.1 500256.1 1031119 365338.8 120077.5 30238.8 11149.61 1934.244 4475.657 23439.22 133833.6 557090.6 528.3464 0 13483.71 7400.456 186.0968 220.4092 2.228434 22871.06 1936.877 2510.518 5385.819 437.04 1149.436 4459.488 1150.013 110.4641 787.5457 1044.128 26.6874 729.4424 1465.292 15558.68 345495.8 130450.5 304465.8 84044.73 4744.991 72355.48 1140085 39211.06
526067.5 740541.4 473340.5 463855.5 448135.3 554882.8 471232.6 239480 492962.2 355108.8 612901.7 160104.6 246151.1 766185.3 154610.2 -9999 -9999 3256.986 168258.5 276833.3 80505.2 205652 671221.8 64412.83 58063.36 93046.83 96982.69 86780.05 85943.59 84904.25 236545.7 410108.7 683581.5 598091.1 224418.5 55497.73 25938.8 3461.29 5502.565 13631.57 36017.91 186265 109469.4 459544.5 135771.9 21617.46 9258.407 2613.764 2895.83 1518.116 943.3242 34.78185 1.802693 11.95825 472.3549 4201.113 2206.875 150.6095 208.7516 1740.214 2822.31 30862.76 12171.63 13985.76 23623.27 142975.7 457367.8 193223.8 107073.6 376143.8 351802 181648.3
959683.3 2058430 458846.5 248150.1 304092.4 291963.3 784355.6 588265.4 655951.1 364998.4 288220.8 129639.4 243214.7 355625.9 495294.5 449696.9 713924.4 429810.8 396481.1 75637.22 52667.68 132430.8 225055.3 937236.5 324549.2 84690.6 98142.08 96969.79 138586.4 209166.3 371564.8 347139.8 433392.7 398490.8 157585.5 81376.29 84878.85 53213.86 53974.42 26862.62 2142.723 1337.488 5070.591 40935.64 41806.33 112025.9 12202.9 1465.505 503.8436 17.52039 0 0 0 0 0 163.3847 300.3265 249.1277 83947.37 6927.769 1810.74 20497.73 16131.46 13462.57 50739.6 1188455 530079.3 1456532 491091.8 338997.6 313871.2 223496
1357782 207694.5 154641.4 211416.3 180140.8 72119.05 170060.7 496920.3 628039.1 653188.7 364282.9 210364.3 220324 201068 1113628 5823406 159251 59801.65 30227.65 22991.83 32446.91 82302.8 225049.5 355162.3 348034.7 94964.03 119221 106838.2 212709.9 128964.1 137829.6 94452.27 183324.2 379023.8 63774.79 304167.8 936394.3 216647.8 112185.3 63902.76 36486.25 6444.824 567.1572 813.4689 307.3438 1689.641 498.2206 0 0 0 0 0 0 0 0 0 55.68034 915.5627 4264.46 590.2252 3260.865 4142.23 4229.909 19692.94 75520.25 71206.32 335734.4 1125970 676840.1 796085.2 788091.1 925309.9
1285365 74668.09 16608.38 37667.73 220998.3 86393.21 86396.33 242440.8 257905.5 223718 391225.1 445004.5 607426.8 356460 380730 353682.9 47114.66 36821.15 23655.45 18946.07 14092.78 25032.85 63249.78 68959.32 100333.8 97494.45 464686 126442.1 55524.66 84188.3 128974.7 147402.1 346495.5 2018655 821243.3 3028162 2982801 1679096 1498887 385937.8 58536.15 8516.809 5538.058 482.4532 620.4375 15.10207 0 0 0 0 0 0 0 0 0 0 741.9477 855.7678 2664.476 11143.19 3877 1972.048 1912.358 8956.318 28447.99 28715.48 66750.91 228145.6 576073.8 1354630 376221.6 1600806
2231005 21810.77 4044.071 6108.847 10673.04 20183.48 128885.1 460847.6 3824543 117403.5 203859.3 257427.1 452797.9 275382 239454.5 226726.6 25309.94 10128.12 9282.612 8566.147 6248.615 17650.79 34189.04 52744.42 42427.09 52946.24 78475.98 59251.79 85630.02 107360 128235.9 210092.1 467111.5 513230.3 847951 2046169 2574410 2855051 1541553 1031526 58670.04 12580.9 11035.19 2886.426 1036.083 360.079 37.23498 687.9012 1139.591 722.5126 950.4513 435.2541 223.3608 34.13478 212.5201 423.8072 296.5781 835.5936 2271.802 17651.39 31764.22 28444.42 10515.12 15737.16 19290.33 22717.31 34889.93 36006.78 367058 485523.7 552637.8 704022.8
1060900 17856.66 2268.101 2883.958 1621.349 1602.944 14996.46 335251.2 1350404 454353.2 230749.2 174931.5 330670.5 182100.6 294969.4 746042.6 596958.8 56372.36 122085.4 16359.07 8262.921 6820.367 53966.25 39884.87 29531.66 46645.57 101318.2 30623.82 92867.28 144047.5 97430.85 138358.8 79328.95 306274.2 1075180 1152338 1798187 2932333 5213978 1911735 585112.3 75918.9 9334.928 5895.875 4449.11 2160.46 1509.212 2934.685 2253.248 1531.324 1021.361 2828.336 2212.149 1148.117 2980.905 10407.75 10791.76 15780.37 6372.551 23020.64 42769.77 22306.48 28193.86 24008.29 35102.12 35561.62 27261.41 48741.91 155895.7 641693.1 721197.6 436903
266046.3 38158.2 13936.85 14944.06 20612.04 6023.3 1621.272 91471.57 429356.5 695328.6 598699.2 362589.1 659447.7 338468.9 253186.8 169412.5 347866.3 64989.45 213125.8 46129.31 24429.98 26518.26 59979.33 15404.59 33276.21 78669.73 17726.06 66478.31 172112.8 368066.6 83580.38 98624.07 41331.83 136224.2 687151.3 868667.7 2649641 5032327 6794563 3392638 1890322 639467.3 72273.27 13888.27 2117.804 1635.094 1727.311 2693.344 2428.668 4030.739 2951.485 3405.974 3899.631 6158.856 8503.166 25790.43 36359.01 30376.66 27727.73 32388.85 41648.86 50315.84 47750.63 38070.11 50181.41 28822.04 68998.88 394280.8 2683014 1441232 2300467 1883143
2195.843 16565.38 30926.06 19760.01 23868.77 25132.89 26703.45 114475.9 28365.91 54634.72 247865.5 964936.2 407208.4 227674.2 210421.8 179510.6 165148.3 64303.11 29018.28 108664.1 129394.8 68954.68 83753.83 68669.75 98202.35 92279.45 17944.8 15019.32 28056.88 26446.08 496579.2 291541.3 132090.2 149068.4 957266.6 3111560 3288561 3120479 2157811 2681076 3663630 2109145 1222867 307261.8 59587.33 7084.621 1862.661 4142.585 1451.768 2403.931 3561.773 4785.601 4906.478 5731.264 13607.18 31169.09 14796.61 10412.9 12858.72 20119.86 20151.37 28076.59 32825.29 17489.2 39200.82 57199.5 188341.4 3460991 5578628 2741888 3028940 1924910
27530.53 41817.47 15772.88 8630.813 16232.15 24135.62 15462.89 16265.45 3837.511 1677.564 60569.43 480575 416610.9 0.369678 128809.3 289033.2 887400.9 186761.5 56555.82 94323.47 78043.13 108138.3 120715 94026.56 98734.87 25127.39 6054.187 14795.71 16507 50758.21 189993.6 150446.7 85883.47 123110.2 1625853 2617194 1513714 1200852 1092329 1761200 2742871 4965619 3064529 1330350 703440.1 420657 67722.11 6658.934 5186.131 5510.494 10318.18 32437.04 73602.32 77436.66 63105.71 245096.1 25269.66 13255.3 32221.16 11186.61 7869.873 18893.13 27642.56 26025.32 27776.78 27835.16 423859.8 1726892 2779011 3070300 5096988 1465146
49007.45 34125.48 22405.05 18588.93 31036.55 32705.6 12738.62 9387.271 19786.01 28136.24 33592.62 112662.5 77303.65 -9999 23952.46 108341.4 101836.4 159920.8 121874.1 83355.23 58262.22 138016.2 104902.9 64488.66 65095.46 54116.98 17500.55 14196.15 36227.61 46604.94 115574.4 256035.1 1018837 986398.4 1699732 157884.8 211072 458183.5 647973.3 1417666 3619691 1.318146e+07 4783593 4409291 1745073 1340507 708395 726733.8 428528.8 52564.48 14480.42 28984.79 18945.38 38781.08 19893.38 21792.05 24834.35 20736.91 66943.85 58882.18 19753.13 7113.026 19913.27 40317.6 27321.47 65708.35 548086.3 545012.8 1747405 1878108 1109466 691378.9
33324.46 24960.26 5081.718 9341.362 35609.99 35812.58 14228.43 31043.17 43006.44 32555.1 27124.58 14214.38 19732.44 31511.23 1.073315 9879.764 124308.9 104489.6 81847.77 137025.9 229522.4 151576.9 57400.37 38535.32 59662.82 55108.13 66697.18 27726.84 27353.05 32267.95 80192.16 918477.9 2483816 580325.9 150250.3 145899.8 298274.2 743413.9 1091079 2039572 2250948 3753233 4947824 3747612 3775409 3520265 3019941 3248122 1870113 2227925 546696.7 406370.9 705893.5 111718.3 39798.68 91114.36 67692.4 283364.2 991325 1314918 82584.84 28291.04 46844.56 157443.7 151809.7 217118.8 750795.2 1040284 1223997 1403662 1715229 973576.6
13160.66 12748.02 10987.82 13570.33 27198.68 22731.62 43648.73 101935 76717.3 24592.08 13597.96 5166.376 14595.96 674732.9 700843.3 1933.6 -9999 13761.67 35553.72 55260.49 26199.69 97982.94 30802.87 54084.9 64635.48 81068.57 94652.08 99248.04 74110.92 34969.77 69806.7 714970.1 1456919 161518.3 84145.63 179072 764759.8 1105055 1378168 2467832 1627134 1804478 2345849 2710956 5823204 4489728 5057494 6301051 6658566 7034114 4248208 3416402 3722595 2938665 2071056 2776494 2674337 1068627 1300602 161787 28964.37 30527.58 70983.11 279769.9 546532.1 640909.5 545180.8 765364.4 1440855 1590787 2450892 946573
