static/data/demographic data in a grid format/gpw_v4_basic_demographic_characteristics_rev11_atotpopft_2010_dens_1_deg.asc
ncols         360
nrows         180
xllcorner     -180
yllcorner     -90
cellsize      1
NODATA_value  -9999
[rows 32 to 63 of 180, columns 142 to 212 of 360]
-9999 -9999 -9999 -9999 -9999 -9999 -9999 -9999 -9999 -9999 -9999 -9999 -9999 -9999 -9999 -9999 -9999 -9999 -9999 -9999 -9999 -9999 -9999 -9999 -9999 -9999 -9999 -9999 -9999 1.254695 3.202754 2.442922 1.298293 10.5782 11.55162 49.15879 45.03096 -9999 -9999 -9999 -9999 -9999 -9999 -9999 9.373446 24.73413 12.95379 62.9354 36.20092 244.8581 52.50492 10.29351 19.21462 6.064891 9.180353 4.804645 9.810933 2.452335 -9999 13.67399 6.760264 32.52963 33.1258 9.476061 6.600878 6.466941 22.46826 3.73382 3.002818 4.047709 2.862052
-9999 -9999 -9999 -9999 -9999 -9999 -9999 -9999 -9999 -9999 -9999 -9999 -9999 -9999 -9999 -9999 -9999 -9999 -9999 -9999 -9999 -9999 -9999 -9999 -9999 -9999 -9999 -9999 -9999 -9999 7.493201 2.073965 4.153752 4.188243 58.20153 59.26696 -9999 -9999 -9999 -9999 -9999 -9999 -9999 -9999 -9999 -9999 30.06209 36.70503 82.30544 28.6103 82.16006 13.50037 21.62433 11.71602 20.18326 -9999 3.011342 -9999 71.66129 14.78855 13.43736 25.99031 51.18219 10.13116 6.628529 8.336675 4.400938 3.777048 11.48148 2.964526 3.69542
-9999 -9999 -9999 -9999 -9999 -9999 -9999 -9999 -9999 -9999 -9999 -9999 -9999 -9999 -9999 -9999 -9999 -9999 -9999 -9999 -9999 -9999 -9999 -9999 -9999 -9999 -9999 -9999 -9999 14.73636 37.04201 28.01649 5.615323 168.9997 87.15041 14.36976 123.8297 -9999 -9999 -9999 -9999 -9999 -9999 -9999 -9999 -9999 28.60853 50.57458 72.36115 56.27853 330.1747 71.91063 26.46499 31.43291 -9999 -9999 -9999 -9999 20.27298 36.22288 14.7803 20.46914 22.01895 11.75426 17.41485 8.68223 18.12883 7.964351 34.13811 4.160287 6.356299
-9999 -9999 -9999 -9999 -9999 -9999 -9999 -9999 -9999 -9999 -9999 -9999 -9999 -9999 -9999 -9999 -9999 -9999 -9999 -9999 -9999 -9999 -9999 -9999 -9999 -9999 -9999 9.723891 9.30177 12.93478 22.06423 57.0683 178.0957 25.56302 46.17584 30.9636 180.8279 49.83386 -9999 -9999 -9999 -9999 -9999 -9999 -9999 293.1067 35.02177 59.29921 107.0572 37.15958 63.84174 58.26458 44.57536 52.12989 46.87989 31.97797 158.7089 61.74266 61.24883 19.24158 17.59929 41.38158 21.75751 55.24186 17.66542 15.14346 24.08879 9.07372 19.01108 9.307025 29.88333
-9999 -9999 -9999 -9999 -9999 -9999 -9999 -9999 -9999 -9999 -9999 -9999 -9999 -9999 -9999 -9999 -9999 -9999 -9999 -9999 -9999 -9999 -9999 -9999 -9999 -9999 -9999 11.55158 18.91376 15.28266 21.47175 150.4717 63.21204 54.74618 210.6951 434.0843 332.8068 96.21647 48.67126 -9999 -9999 -9999 37.48955 107.6669 120.3765 74.49691 155.7354 133.0995 157.3872 33.53515 20.9957 23.86191 68.92534 24.04161 25.72687 37.50426 79.42455 34.82433 36.86995 25.46547 27.90589 60.8973 15.94189 24.17973 22.12858 158.6165 11.8249 23.39816 35.9958 9.086297 8.211642
-9999 -9999 -9999 -9999 -9999 -9999 -9999 -9999 -9999 -9999 -9999 -9999 -9999 -9999 -9999 -9999 -9999 -9999 -9999 -9999 -9999 -9999 -9999 -9999 -9999 -9999 -9999 9.228914 17.50554 25.58899 23.3051 29.49788 21.09562 28.23699 13.87395 152.6604 333.3157 128.3256 73.34007 112.6083 -9999 -9999 596.2047 249.5127 126.7457 84.54454 117.4525 127.7946 89.97779 47.52071 32.50976 302.4642 29.50195 33.96924 79.87992 54.26541 55.06939 52.37345 118.2338 128.4468 31.24884 40.44593 15.0039 13.40733 20.68031 17.5282 8.947572 18.57239 37.15636 28.48606 16.19268
-9999 -9999 -9999 -9999 -9999 -9999 -9999 -9999 -9999 -9999 -9999 -9999 -9999 -9999 -9999 -9999 -9999 -9999 -9999 -9999 -9999 -9999 -9999 -9999 -9999 -9999 -9999 6.493311 8.222891 76.55566 32.60096 -9999 32.09574 70.85456 165.227 156.0878 102.264 695.425 340.7219 255.8954 237.7693 179.4438 335.1035 226.8377 370.9343 379.66 107.4118 83.53764 60.62366 72.7281 104.2666 79.6106 54.97265 49.7155 79.44641 70.50538 47.67812 112.8771 44.66967 60.36561 67.96062 21.92048 19.5627 17.34006 17.93639 10.15166 10.15181 7.702824 9.164864 36.82182 12.47585
-9999 -9999 -9999 -9999 -9999 -9999 -9999 -9999 -9999 -9999 -9999 -9999 -9999 -9999 -9999 -9999 -9999 -9999 -9999 -9999 -9999 -9999 -9999 -9999 -9999 -9999 -9999 -9999 -9999 -9999 -9999 -9999 122.6109 72.99895 85.63004 76.05479 374.2928 293.2603 189.6725 79.17294 106.6929 223.0338 245.3221 138.517 149.1681 179.6046 229.8285 64.4423 67.24364 70.5669 110.3796 67.5982 149.7651 74.1487 65.92809 51.93146 161.0336 170.1002 80.38271 69.80531 55.32619 35.83975 37.24249 43.17383 46.97685 23.98197 40.10221 21.12187 255.7969 22.38906 19.4212
-9999 -9999 -9999 -9999 -9999 -9999 -9999 -9999 -9999 -9999 -9999 -9999 -9999 -9999 -9999 -9999 -9999 -9999 -9999 -9999 -9999 -9999 -9999 -9999 -9999 -9999 -9999 -9999 -9999 -9999 -9999 67.27065 42.32829 -9999 -9999 378.2585 48.98615 91.90392 72.22633 77.89577 107.6586 42.27797 36.84345 38.10186 129.0956 96.6294 248.3004 99.4264 78.13461 99.39481 46.09919 42.27536 47.82618 40.09804 74.42339 73.39052 132.5695 84.41166 75.56049 57.16786 35.00915 77.23448 71.16463 47.65625 34.86457 30.58886 58.39432 19.81249 37.37523 31.06729 41.97245
-9999 -9999 -9999 -9999 -9999 -9999 -9999 -9999 -9999 -9999 -9999 -9999 -9999 -9999 -9999 -9999 -9999 -9999 -9999 -9999 -9999 -9999 -9999 -9999 -9999 -9999 -9999 -9999 -9999 -9999 -9999 -9999 23.65965 88.29984 30.74535 48.48501 71.16718 29.02809 29.61451 62.32104 661.5299 27.33899 26.25156 17.90192 53.22457 118.8184 131.4342 211.8076 99.63376 193.3245 67.2284 52.82394 67.00667 33.03717 162.4021 89.69012 56.52544 38.93683 49.28505 61.69087 54.77784 39.73522 53.06207 60.39099 46.54616 34.31312 28.66785 25.64282 28.20012 16.58701 29.99016
-9999 -9999 -9999 -9999 -9999 -9999 -9999 -9999 -9999 -9999 -9999 -9999 -9999 -9999 -9999 -9999 -9999 -9999 -9999 -9999 -9999 -9999 -9999 -9999 -9999 -9999 -9999 -9999 -9999 -9999 -9999 -9999 -9999 107.4241 84.51183 66.02982 74.89932 51.43303 52.45283 41.47415 28.32644 18.9868 13.83419 36.2333 51.92024 147.0435 195.6884 114.5712 42.068 55.89435 44.7891 37.99142 16.58026 46.69197 53.28487 44.25954 86.16949 169.9967 36.88033 62.06441 38.62905 40.75645 25.96117 21.60974 57.40781 63.23185 71.99673 31.84863 12.13849 16.38733 13.36931
-9999 -9999 -9999 -9999 -9999 -9999 -9999 -9999 -9999 -9999 -9999 -9999 -9999 -9999 -9999 -9999 -9999 -9999 -9999 -9999 -9999 -9999 -9999 -9999 -9999 -9999 -9999 -9999 -9999 -9999 -9999 -9999 -9999 -9999 -9999 59.84415 63.16278 32.73887 28.10136 17.38299 15.71507 22.44447 44.56797 30.99076 122.6695 67.92708 27.80062 25.92879 12.21823 47.84286 21.09869 35.06201 61.91762 59.47418 46.76102 31.16014 46.56868 37.80083 40.60323 38.45609 15.15515 49.69695 42.09558 22.19969 50.82695 34.64397 50.92811 46.11919 128.5594 34.26655 75.22081
-9999 -9999 -9999 -9999 -9999 -9999 -9999 -9999 -9999 -9999 -9999 -9999 -9999 -9999 -9999 -9999 -9999 -9999 -9999 -9999 -9999 -9999 -9999 -9999 -9999 -9999 -9999 -9999 -9999 -9999 -9999 -9999 -9999 -9999 -9999 -9999 40.85992 33.92085 28.91382 33.01066 9.483759 41.97148 157.5086 92.45438 31.03982 124.3444 152.4948 384.5582 128.5708 149.791 191.5971 88.31689 33.16417 59.39799 50.7042 24.87926 40.24629 55.42735 32.49137 44.19853 21.21757 28.72082 38.16015 58.90767 34.31639 51.05991 47.94003 17.00532 18.84448 -9999 12.5021
-9999 -9999 -9999 -9999 -9999 -9999 -9999 -9999 -9999 -9999 -9999 -9999 -9999 -9999 -9999 -9999 -9999 -9999 -9999 -9999 -9999 -9999 -9999 -9999 -9999 -9999 -9999 -9999 -9999 -9999 -9999 -9999 -9999 -9999 -9999 -9999 33.72427 69.74934 29.38753 20.96098 19.75587 9.363064 50.5109 14.90755 9.919583 50.25941 119.2737 52.27284 101.04 101.0489 136.9001 121.7168 12.98521 15.42313 18.62902 42.25306 52.7574 43.22432 137.6722 24.19385 24.88739 43.21592 50.37035 65.52713 159.7476 23.91715 48.65133 1.691244 -9999 -9999 -9999
-9999 -9999 -9999 -9999 -9999 -9999 -9999 -9999 -9999 -9999 -9999 -9999 -9999 -9999 -9999 -9999 -9999 -9999 -9999 -9999 -9999 -9999 -9999 -9999 -9999 -9999 -9999 -9999 27.96156 102.1291 19.81466 13.02767 97.47797 23.45575 99.66017 197.3275 65.8962 33.95645 22.67906 82.54069 31.16308 88.43832 103.09 181.7024 59.11491 239.5167 235.526 8.416981 128.4529 96.20554 58.65586 112.6914 -9999 27.94382 41.6486 28.9511 35.25722 18.32164 35.80438 52.63076 18.26692 24.11308 30.21341 31.85161 30.21334 41.41628 25.29854 -9999 -9999 -9999 -9999
-9999 -9999 -9999 -9999 -9999 -9999 -9999 -9999 -9999 -9999 -9999 -9999 -9999 -9999 -9999 -9999 -9999 -9999 -9999 -9999 -9999 -9999 -9999 -9999 -9999 -9999 -9999 -9999 56.61591 84.41082 21.87615 10.94748 19.36494 6.287309 14.65515 36.34478 32.49521 6.513855 5.167678 13.77873 38.43456 76.50069 -9999 -9999 219.5059 -9999 8.551328 19.61532 61.29793 29.02039 64.11967 45.36889 132.5784 95.22913 22.54077 15.44835 24.79247 30.52273 61.14565 69.43888 17.34334 96.02753 47.68655 33.12051 21.05053 29.96303 9.567992 -9999 -9999 -9999 -9999
-9999 -9999 -9999 -9999 -9999 -9999 -9999 -9999 -9999 -9999 -9999 -9999 -9999 -9999 -9999 -9999 -9999 -9999 -9999 -9999 -9999 -9999 -9999 -9999 -9999 -9999 -9999 -9999 -9999 213.5883 22.39137 6.571826 10.70283 34.35128 5.17379 4.257674 20.36259 34.14958 23.19283 103.4141 555.2166 146.2461 -9999 -9999 -9999 -9999 43.63592 12.54311 -9999 1.681978 549.1547 69.67038 67.9285 45.30439 222.5078 220.7382 -9999 128.2177 39.35222 43.41862 24.34684 22.08734 20.67625 25.88039 23.22711 40.83399 1037.385 842.7133 39.11883 92.3604 39.99586
-9999 -9999 -9999 -9999 -9999 -9999 -9999 -9999 -9999 -9999 -9999 -9999 -9999 -9999 -9999 -9999 -9999 -9999 -9999 -9999 -9999 -9999 -9999 -9999 -9999 -9999 -9999 -9999 -9999 81.11848 26.07079 7.283306 19.09925 27.1911 352.0446 3.669774 5.584917 8.359618 31.00921 -9999 -9999 71.83299 21.59352 -9999 -9999 -9999 35.27908 20.24206 -9999 -9999 174.9274 583.4382 735.7205 39.915 36.01413 129.6882 162.5927 58.47749 19.4427 18.48862 97.15794 22.26243 33.65584 28.27054 25.11622 38.85535 188.9597 335.6383 66.15334 28.63243 70.54528
-9999 -9999 -9999 -9999 -9999 -9999 12.83545 -9999 -9999 39.57506 31.9431 -9999 -9999 -9999 -9999 -9999 -9999 -9999 -9999 -9999 -9999 -9999 -9999 -9999 -9999 -9999 -9999 -9999 82.14131 44.53497 9.524162 14.98683 7.658056 14.96801 21.05744 10.69992 9.684719 168.4909 793.8849 56.91695 164.6499 57.46252 74.6172 -9999 -9999 -9999 38.22421 55.78329 -9999 -9999 -9999 -9999 -9999 48.54006 50.3395 89.58685 150.9221 84.05028 22.47184 14.59541 29.27806 20.94871 7.491841 14.31348 32.64861 42.7288 21.09441 24.70986 45.4281 6.703674 147.2193
-9999 -9999 -9999 -9999 -9999 -9999 -9999 -9999 -9999 24.11544 59.79608 -9999 -9999 -9999 -9999 -9999 -9999 -9999 -9999 -9999 -9999 -9999 -9999 -9999 -9999 -9999 -9999 -9999 781.6844 24.7489 13.65391 21.16751 7.889837 9.664667 19.64125 5.661097 30.32722 134.8325 201.1447 129.0312 -9999 -9999 -9999 -9999 -9999 -9999 10.58341 35.54272 -9999 -9999 177.6367 623.367 98.07924 160.4445 76.67559 57.28824 -9999 -9999 27.51574 33.04608 20.09959 143.0551 14.87903 4.386347 60.41385 207.0286 36.96608 26.8758 29.53422 18.35706 23.4557
-9999 -9999 -9999 -9999 -9999 -9999 -9999 -9999 -9999 -9999 -9999 -9999 92.95315 -9999 -9999 -9999 -9999 -9999 -9999 -9999 -9999 -9999 -9999 -9999 -9999 -9999 -9999 -9999 -9999 23.10146 20.90693 49.30836 67.53074 46.21244 49.43999 8.945878 64.70287 200.4444 -9999 -9999 -9999 -9999 -9999 -9999 131.6208 30.69363 42.70831 88.05241 110.1137 58.26629 75.26683 51.53536 45.85868 241.4634 30.94779 -9999 -9999 -9999 46.10133 21.57666 20.50767 457.7509 34.96016 27.534 29.68893 61.62256 32.25079 40.44914 44.02916 17.34626 41.06815
-9999 -9999 -9999 -9999 -9999 -9999 -9999 -9999 -9999 -9999 -9999 -9999 31.60269 -9999 -9999 -9999 -9999 -9999 -9999 -9999 -9999 -9999 -9999 -9999 -9999 -9999 -9999 -9999 -9999 0 13.18223 155.6438 47.23592 172.0192 42.82409 98.59344 29.37491 -9999 115.3506 120.8716 208.1503 282.3945 118.2901 139.2695 136.8678 101.0647 46.8593 38.87133 248.121 136.7705 18.38007 -9999 109.8705 94.99361 -9999 -9999 -9999 -9999 -9999 17.02122 10.41527 12.24442 12.97605 18.7678 19.9587 22.24165 44.97321 22.06888 97.30531 29.14697 25.14279
-9999 -9999 -9999 -9999 -9999 -9999 -9999 -9999 -9999 -9999 -9999 -9999 -9999 -9999 -9999 -9999 -9999 -9999 -9999 -9999 -9999 -9999 -9999 -9999 -9999 -9999 -9999 -9999 -9999 -9999 -9999 159.3708 140.7727 43.16466 78.67699 187.3774 87.75269 143.9163 85.30786 47.47118 24.76984 20.49611 36.75262 52.08736 47.80011 38.29878 35.18265 32.74453 101.802 131.0754 116.5739 -9999 760.6639 -9999 -9999 -9999 -9999 -9999 -9999 -9999 -9999 17.9968 36.30758 56.67242 13.86204 7.096334 -9999 -9999 -9999 -9999 18.71421
-9999 -9999 -9999 -9999 -9999 -9999 -9999 -9999 -9999 -9999 -9999 -9999 -9999 -9999 -9999 -9999 -9999 -9999 -9999 -9999 -9999 -9999 -9999 -9999 -9999 -9999 -9999 -9999 -9999 -9999 -9999 185.7479 93.36167 78.51505 20.96282 30.55401 58.03196 11.58104 14.18123 5.960878 14.87773 31.5661 8.710786 28.57607 6.565748 5.719654 19.40412 19.2448 81.10252 47.94884 -9999 -9999 -9999 -9999 -9999 -9999 -9999 -9999 -9999 -9999 -9999 2.088635 6.1245 12.00586 3.035968 -9999 -9999 -9999 -9999 -9999 37.50401
-9999 -9999 -9999 -9999 -9999 -9999 -9999 -9999 -9999 -9999 -9999 -9999 -9999 -9999 -9999 -9999 -9999 -9999 -9999 -9999 -9999 64.86526 -9999 -9999 -9999 -9999 -9999 -9999 -9999 115.979 353.3944 79.23528 72.99197 24.58057 6.76013 1.383979 1.260813 4.501207 3.057235 3.333119 9.400386 4.808485 1.970658 10.98593 23.536 4.871251 4.733601 8.902739 40.27658 22.247 -9999 -9999 -9999 -9999 -9999 -9999 -9999 -9999 -9999 -9999 -9999 -9999 -9999 -9999 -9999 -9999 -9999 -9999 -9999 -9999 -9999
-9999 -9999 -9999 -9999 -9999 -9999 -9999 -9999 -9999 -9999 -9999 -9999 -9999 -9999 -9999 -9999 -9999 -9999 -9999 -9999 65.45064 285.7052 -9999 -9999 -9999 -9999 -9999 -9999 129.167 49.25391 42.71687 76.24909 19.81436 9.772937 2.743702 0.9007982 2.596145 3.593851 2.163793 1.215089 1.249957 9.213523 8.767242 3.958001 3.843228 0.3603384 0.4260875 1.161803 4.56852 11.62207 33.01801 100.0396 17.95325 9.687445 -9999 -9999 -9999 25.97145 18.69608 11.16374 4.064964 2.341885 1.030132 -9999 -9999 -9999 -9999 -9999 -9999 -9999 -9999
-9999 -9999 -9999 -9999 -9999 -9999 -9999 -9999 -9999 -9999 -9999 -9999 -9999 -9999 -9999 -9999 -9999 -9999 -9999 -9999 -9999 -9999 -9999 -9999 -9999 -9999 -9999 -9999 35.51342 40.96378 79.26447 19.27943 12.67197 15.01723 1.659798 4.632428 4.972607 0.2501121 0.1865004 1.824696 0.8015649 0.5695471 2.353384 2.741299 0.2153068 0.03562993 0.03562993 0.1699338 0.634055 1.066646 2.055706 6.042043 9.632379 5.282083 0.9780239 0.9780238 -9999 25.97145 23.50426 12.08285 3.855819 1.205089 1.060674 1.682566 7.772044 23.50805 7.391688 2768.477 736.3416 569.4201 265.6811
-9999 -9999 -9999 -9999 -9999 -9999 -9999 -9999 -9999 -9999 -9999 -9999 -9999 -9999 -9999 -9999 -9999 -9999 -9999 -9999 -9999 0 0 -9999 -9999 -9999 -9999 -9999 103.8909 24.1461 7.739532 11.10301 8.763051 0.3283344 0.3408622 0.703699 0.4008676 0.339465 0.2902403 0.5654612 0.5662012 0.5561827 0.3457086 0.3227662 0.277676 0.04347686 0.04860196 0.2265149 0.6937202 0.8293096 2.055706 2.681145 4.138839 0.9780239 0.9780239 0.9780238 0.9065514 0.472539 0.472539 0.472539 0.7826665 1.004956 0.9079576 0.001031379 0 0.1744181 0.9451616 30.5816 263.7709 1188.102 68.57417
-9999 -9999 -9999 -9999 -9999 -9999 -9999 -9999 -9999 -9999 -9999 -9999 -9999 -9999 -9999 -9999 -9999 -9999 -9999 -9999 -9999 -9999 -9999 -9999 37.84337 -9999 -9999 35.80815 19.40053 3.368093 2.049281 0.521484 0.3773645 0.03915334 0.04445066 0.3694734 0.4147691 1.236019 1.09068 1.147789 0.3369377 0.3269181 0.303381 0.1539089 0.04030042 0.04066373 0.06303391 0.2622978 0.7512597 0.8237357 2.055706 2.055706 1.330613 0.5631722 0.6532551 0.7848945 0.7949432 0.472539 0.472539 0.472539 0.472539 0.9969454 0.9334421 0.5751904 0.4969682 0 0 0 143.8236 288.2047 18.14406
-9999 -9999 -9999 -9999 -9999 -9999 -9999 -9999 -9999 -9999 -9999 -9999 -9999 -9999 -9999 -9999 -9999 -9999 -9999 24.81553 47.26391 211.983 498.2834 23.93973 64.17361 0.2711165 8.87871 2.888162 1.567499 0.4284571 0.05291453 0.01930101 0.01930101 0.02603619 0.04294698 0.1655928 0.5356013 2.28406 0.9382739 0.4594947 0.3557956 0.2605381 0.07613639 0.0473602 0.03592919 0.03592919 0.0674589 0.1998335 0.4469917 0.4275995 0.457042 0.4535488 0.3781534 0.2593411 0.2339184 0.2459423 0.4614613 0.4579974 0.472539 0.472539 0.472539 0.927754 0.9686396 0 0.007717996 0 1.246159 0.2434219 170.9015 2.941298 0.9928403
-9999 -9999 -9999 -9999 -9999 -9999 -9999 -9999 -9999 -9999 -9999 -9999 -9999 -9999 -9999 -9999 -9999 -9999 -9999 17.2882 19.83037 435.6612 137.6025 -9999 40.81995 0.4202474 0.06140223 0.03551374 0.03119417 0.2212093 0.3251998 0.3008864 0.09866904 0.01930101 0.04198052 0.9172234 0.9910124 2.885231 0.6735398 0.517175 0.3091458 0.06166974 0.05214665 0.04646438 0.04204924 0.07575729 0.1180019 0.1997065 0.3014725 0.3893456 0.4430857 0.5827996 1.448553 2.772104 0.4294576 0.2339185 0.2339185 0.4268069 0.464462 0.4672621 0.4679153 0.4637582 0.4564927 0 0 0.3758098 0.1741697 0 128.4085 86.87233 0.1568711
-9999 -9999 -9999 -9999 -9999 -9999 -9999 -9999 -9999 -9999 -9999 -9999 -9999 -9999 -9999 -9999 -9999 -9999 -9999 -9999 -9999 -9999 -9999 11.04135 0.7827824 0.03060015 2.416082 0.003755035 0.00318029 0.01675353 0.1392993 0.3127716 0.3439733 0.2722642 0.1677829 0.3482287 0.32671 0.206124 0.7934299 0.9745011 0.3034362 0.2675528 0.03942617 0.04363919 0.06651247 0.1149942 0.1149942 0.1521188 0.2398798 0.5677568 1.121243 1.146613 1.996495 0.5043007 0.1789699 0.2216222 0.2152819 0.08865166 0.05973398 0.05973398 0.05973398 0.05973398 0.05973386 0 0 0.5908119 0 0 0 190.1711 95.76667
