static/data/demographic data in a grid format/gpw_v4_basic_demographic_characteristics_rev11_atotpopft_2010_dens_1_deg.asc
ncols         360
nrows         180
xllcorner     -180
yllcorner     -90
cellsize      1
NODATA_value  -9999
[rows 32 to 63 of 180, columns 213 to 283 of 360]
5.630219 12.88251 7.702661 4.793243 8.144324 23.94853 61.80943 45.51676 26.29211 13.90115 3.285624 3.714989 5.037951 5.942143 4.121635 5.281611 5.147828 2.952818 3.063968 5.871308 11.82051 8.503899 44.0545 49.95274 8.217354 10.26677 31.33537 21.234 19.23482 7.727926 6.241178 3.705717 54.29655 3.071666 1.586926 0.8772934 0.8273984 0.9324574 0.8445996 0.7470503 1.332375 1.606164 1.122718 0.2594925 0.2287555 0.2284688 0.3928617 0.3305877 0.5839319 0.7405179 1.23621 1.85592 2.61612 0.7298555 0.4960175 0.327172 0.4256763 0.4262051 0.5107047 0.9362252 1.11443 0.704161 0.7550115 0.8456672 0.8804019 1.281323 0.7258261 0.553642 0.2806215 4.256659 1.095481
2.75565 8.769182 37.19379 27.86421 65.79502 44.94376 15.99425 51.1814 38.59603 13.40823 136.4531 37.99736 5.95652 8.205587 74.38988 16.15146 11.26541 11.13486 9.877941 14.55039 69.22224 24.93652 7.771213 7.093127 7.932841 5.693512 13.90959 137.3669 28.05808 11.77293 11.04603 3.775072 5.812307 8.027867 3.114423 2.903156 7.44132 2.071835 1.478457 1.277044 1.599534 2.482545 1.683312 0.9750528 0.965438 0.520369 0.5398062 0.4343949 0.4806924 0.6684717 2.332116 29.49593 33.33216 7.506428 3.579421 3.097391 2.939193 14.08513 1.823423 39.75801 25.14575 8.116874 10.17529 2.264518 2.081013 1.328777 0.7650459 0.8849184 22.94624 1.048402 1.317278
7.39889 8.014382 11.11505 56.46457 1093.13 135.05 28.79191 13.66875 11.84942 23.46122 21.52769 11.83854 9.070126 14.58332 23.69489 39.15977 106.7385 13.24203 34.34455 59.79173 10.29609 11.9671 11.85069 6.794696 6.853038 7.661342 16.76081 25.54753 112.9778 5.219322 4.323112 5.436949 31.62359 3.049061 2.695303 4.429336 8.841986 2.342219 3.650559 4.538088 38.12505 4.236022 3.187031 2.525145 3.334536 3.85618 1.643709 1.259673 2.142501 49.49061 18.34005 11.57559 17.23751 38.91589 2.053809 2.612938 6.692681 3.848838 1.654308 31.26077 4.433742 3.998006 1.434738 1.85493 1.553224 1.093307 0.7599888 0.9718463 1.103853 1.049522 0.6086362
9.217716 6.721824 10.33365 38.84656 75.4567 33.2393 53.77511 7.676493 10.30886 7.431472 15.2828 11.06448 35.78373 10.97933 9.644402 75.01954 16.55552 10.30427 11.23286 22.62362 25.92561 15.30229 35.53902 67.63853 7.440634 10.1953 15.36254 11.91347 26.34993 3.933146 2.767503 3.609493 2.426463 2.002664 2.345522 7.052246 6.919302 2.419258 4.99791 5.725659 63.95995 5.890953 3.08635 2.102691 3.186558 2.871029 2.279088 2.398569 3.510896 36.79807 52.5917 4.109574 10.23512 27.40716 2.594935 3.141943 2.490703 2.331052 2.280244 1.167231 1.116023 1.028651 0.8677676 0.7832157 0.9113731 0.8069949 0.8058317 4.447968 1.619771 3.975414 0.4363444
10.31857 48.85786 7.435254 14.83936 16.09992 23.67177 12.22015 9.553302 9.409046 7.171562 9.495868 25.72346 38.03794 14.86888 7.700283 24.19805 97.87926 92.17774 11.98494 10.58909 5.796522 6.740263 36.3037 14.36617 4.041816 17.75842 23.87646 5.584728 3.20642 4.604139 18.3925 4.825021 1.900672 1.736215 2.33708 3.790622 8.197649 3.978353 1.222206 0.9678366 1.579191 2.155458 1.374746 1.626215 2.834076 4.67594 3.632768 2.743165 6.340798 4.850368 61.82629 7.75866 3.236429 23.83046 49.69459 5.897237 2.805002 2.804305 30.76479 1.652027 0.8824034 0.8508896 0.6232034 0.410172 0.4297724 0.6496043 0.7696792 1.116435 1.546606 4.892661 7.802599
10.96754 8.296302 16.0732 28.63457 11.58107 18.56335 52.96777 17.67766 37.34931 8.720174 9.741673 9.366943 7.498926 7.604039 11.42464 9.634191 10.9196 7.034975 4.671308 10.44557 5.73031 3.977353 10.45187 5.677397 2.498793 9.479624 2.730747 3.613482 2.230422 3.773999 8.38335 2.622869 1.201094 1.77495 1.770833 2.412084 6.00951 3.55456 1.168102 1.0582 0.9093882 2.398321 2.36072 9.850621 17.70003 5.567495 4.236497 3.933487 4.380383 5.845159 3.547224 9.68142 16.53776 2.127581 1.520362 1.821308 0.8006181 2.87027 3.13884 0.8422184 0.6614004 0.847876 0.4451593 0.07362152 0.07362153 0.1091642 0.1069085 0.2139739 0.8366897 1.980629 27.85355
27.23476 12.96412 16.20813 41.91044 22.80896 20.54463 89.70186 11.25548 9.758928 14.71237 10.11127 5.82766 56.24386 41.44609 14.72496 7.368116 3.989815 8.305805 9.37842 5.529253 3.838077 5.692428 44.32259 3.995576 5.897182 28.93207 4.486051 2.593609 1.698721 0.6921321 0.9467364 0.6071014 1.039728 1.115084 1.045047 2.118915 1.917931 11.01244 21.9627 3.630936 1.301361 3.668103 2.846554 2.284261 2.657908 1.083988 2.048433 2.653161 15.10892 3.409152 1.873275 2.483238 6.390115 2.791565 0.5404132 0.4236352 0.6638317 1.812179 1.156085 1.387351 1.344704 8.943178 0.4305213 0.2102068 0.1964753 0.1844315 0.2075809 0.2953047 0.4426271 0.9847239 4.164843
17.53031 38.11766 17.75962 102.3092 16.88213 14.69955 16.37133 12.91912 7.693018 7.207362 9.049355 5.474298 16.18806 4.679411 3.351982 3.249914 1.865571 3.163826 2.370506 1.245704 1.477146 1.68228 1.466849 4.917774 25.71664 1.737378 1.752823 0.7684012 0.4862845 0.341016 0.2528153 0.3135469 0.4014254 1.056106 1.138449 1.102374 0.5802576 4.871497 16.09067 4.815802 9.087616 14.54547 1.225042 0.626381 0.8306453 1.436903 3.913218 4.704893 6.667093 6.145756 5.824046 2.202385 0.7551177 0.679522 0.4768884 0.362218 0.5267654 0.6997545 0.9883628 1.745554 0.6762551 0.6490524 0.500967 0.2961088 0.1043903 0.2573391 0.323161 0.4159117 0.1883282 0.5326099 0.848919
40.62329 36.58065 17.95351 80.16756 18.93731 14.82011 10.44727 8.67317 4.752235 3.435447 6.09594 4.755807 5.063345 2.097226 0.9994887 1.028429 0.8254042 0.6612213 0.8075713 0.8460051 0.8551586 0.864511 1.047438 1.630233 1.552613 1.271779 0.8051151 0.3078798 0.2748188 0.2590401 0.2164509 0.2316012 0.3849961 0.8400154 0.8697843 0.313706 0.2894787 0.3001449 1.312875 9.883997 14.91146 6.630093 0.7819332 1.181934 5.214308 4.118452 1.422701 1.298583 3.524476 12.9233 6.137813 2.597355 1.184279 0.9200872 0.4792483 0.552879 1.022051 0.504791 1.13311 0.4054779 0.2920037 0.3045333 0.4671659 0.2990216 0.2806481 0.373635 0.5104547 2.930372 0.7191354 0.4379991 0.2712654
33.75308 67.25842 70.07438 19.12267 108.2262 128.7046 75.27088 21.91592 7.728418 4.657532 6.715351 102.4593 4.878978 4.523378 0.8426483 0.5709034 0.5779194 0.8364623 1.17052 0.9755805 0.6602682 0.6569589 0.3674525 0.55604 1.10033 0.8075406 0.5046242 0.2754862 0.2147237 0.1880897 0.2023789 0.5143534 0.6668324 0.7123119 0.7131277 0.6923779 0.5161278 0.3994148 0.4177844 0.3672408 0.3588673 0.7514493 0.9915895 1.002182 1.879675 1.351808 0.5630042 0.830185 1.029038 1.227259 1.027468 0.7883542 1.122821 3.257511 0.9212974 1.88174 2.022743 0.6173402 1.007264 0.2910037 0.16507 0.1910333 0.2499901 0.2190168 0.3399353 0.6680877 0.6640095 0.6404518 0.6765603 0.5503889 1.062633
52.03217 36.9816 72.59761 12.86608 100.3864 54.74442 113.997 45.11406 10.63355 18.57383 3.959879 1.594438 1.256115 2.615053 2.609388 2.081787 1.231285 1.003077 3.359957 7.991691 1.791287 1.163074 0.2265324 0.1858261 0.2700661 0.4087514 0.377937 0.4119293 0.6989927 0.4090972 0.4519831 0.6939691 0.7131277 0.7131276 0.7131277 0.7113062 0.4874315 0.4178298 0.3967298 0.360478 0.4565944 0.7940131 1.11652 1.113692 0.9046542 0.890167 0.8434629 1.364091 1.331292 1.248706 1.328027 1.577945 2.67268 4.162343 9.732216 4.849311 1.467015 0.7984887 1.704899 0.3704511 0.2111637 0.155017 0.1788158 1.264776 0.2036643 0.2555695 0.3394277 0.4626523 1.832734 0.9769016 0.7882882
23.77838 12.79816 33.29024 39.64967 28.7323 25.69571 19.0612 12.56745 11.75869 5.846361 2.691395 7.805315 0.7070867 1.509904 16.23265 30.91118 1.837312 0.9558504 39.97478 36.68167 1.320621 1.170623 0.7849684 0.3621694 0.2140526 0.3744847 0.5518504 0.806613 0.8401263 0.935581 1.285373 0.7905356 0.6825367 0.702967 0.7116582 0.6612784 0.419511 0.4178298 0.3783808 0.3588673 0.5918724 0.9774709 0.6571398 0.9770542 1.124065 1.454718 1.375363 1.321018 1.650763 7.308392 14.59003 2.478359 1.770577 1.016134 1.917193 1.266441 2.003307 2.918144 0.4502374 0.2709624 0.2621854 0.204504 0.4386688 0.924115 0.226009 0.2221615 0.3351564 2.120584 0.8268679 2.520817 0.6485623
35.5832 27.6391 38.3266 58.60961 42.92088 51.60495 57.70429 33.1123 35.78408 19.10391 7.850165 3.376385 1.317372 1.543926 5.412444 9.428956 9.075364 1.191175 1.159732 0.3666009 0.7021482 0.7118748 0.7129354 1.147745 2.230114 2.744052 2.054255 0.8394773 0.9037415 0.9928739 1.472679 1.007375 4.9898 0.7717212 0.7863182 0.6582409 0.6516681 0.6587295 0.5166093 0.342107 0.3466653 0.4427465 0.4431423 0.8279199 1.215146 4.71525 1.71186 1.471772 3.577702 2.449456 2.843863 16.16849 4.833498 0.5438229 0.0149115 0.07705687 0.1495156 0.4429201 0.3667265 0.1110314 0.121629 0.1185055 0.1584148 0.176216 0.1848904 0.2284111 0.1933672 0.2329359 0.3803493 0.2676835 0.3194798
115.9746 117.2062 36.16065 -9999 118.7852 34.16352 31.69559 24.03311 38.42411 36.99875 38.47517 12.57894 5.253005 3.732526 8.188436 -9999 1.191175 1.191155 0.6286096 0.3430504 0.3413638 0.6018885 0.512149 5.583844 5.583844 5.583844 5.583845 3.048474 1.172378 1.137988 1.158979 0.736973 9.692536 1.237676 1.296253 0.6636022 0.6581863 0.9502435 0.6957126 0.3414944 0.4193446 2.311301 2.772787 7.937717 4.948973 6.584076 7.250293 17.00875 12.88393 14.93645 2.568004 23.60191 25.46742 38.23869 34.64483 4.644346 6.510117 0.7942109 0.2443938 0.05052957 0.08804299 0.04586318 0.04424929 0.08549879 0.04184847 0.06871823 0.1148229 0.1872544 0.1847245 0.2256889 0.1412842
-9999 -9999 -9999 -9999 -9999 -9999 59.76218 21.13086 11.34195 19.64632 42.23606 49.91877 52.21935 48.08862 62.50817 -9999 -9999 1.191175 21.70877 0.7830833 0.9420251 1.118259 0.9513018 5.583844 5.583844 5.583845 5.583844 5.583844 4.920517 2.956156 2.839346 2.721871 2.182441 1.51958 3.582131 15.93425 2.160903 5.270682 15.72821 4.573375 4.609954 9.653358 4.552073 93.99545 27.64973 10.43647 4.139879 7.74789 58.92741 19.36785 12.82499 1.229324 0.8752652 3.028344 165.2293 3.223195 11.1854 4.629384 1.099716 4.728933 4.478076 1.177704 0.1925755 0.06950523 0.04427782 0.06081213 0.0649422 0.08060049 0.0801324 0.09064502 0.09474163
13.30705 59.05437 60.88283 -9999 -9999 -9999 -9999 79.50216 33.66126 33.03217 14.54325 24.60708 12.8866 19.37626 58.40113 178.7715 -9999 -9999 1.161512 1.20326 1.433617 1.473708 1.162697 5.583814 6.177953 8.967854 7.547231 5.603522 5.484512 3.920661 3.812101 3.812101 3.757342 1.847716 2.296379 3.926235 60.04971 21.8861 16.97094 7.843671 6.945951 74.14522 12.98391 11.29722 7.172471 9.380628 4.070668 4.334672 3.317783 1.274076 0.4975671 1.041119 1.885518 15.92614 1.826722 4.788032 15.57066 4.206431 0 0.7699162 16.62277 0.736317 0.1387917 0.01735174 0.05085247 0.22981 0.04667077 0.1324344 0.1601147 0.2206068 0.07196564
13.0541 14.83116 29.47147 123.8339 93.62592 77.43873 131.6883 87.27292 43.6619 15.13966 14.03288 92.01724 35.30715 23.73125 18.09538 39.93696 24.405 -9999 -9999 2.483459 2.813302 2.783915 1.802652 6.049298 11.02753 11.20707 11.19576 55.12517 22.81303 9.523735 3.891844 3.812101 3.812101 5.219497 8.362876 18.39964 178.8021 67.1047 46.26236 29.26015 16.72618 3.103101 4.374404 3.049303 2.701513 2.641064 11.7197 31.61292 8.348213 37.30327 9.956418 4.73753 4.162224 31.14043 0.9901202 0.101916 0.7964815 0 0 0 0.005265099 0.3246048 0.1890072 0.03594864 0.008138549 0.0003746757 0.1122631 0.2138079 0.2070208 0.3756903 0.03830706
16.63695 21.82441 25.80945 32.1344 34.64836 25.38517 37.63445 21.11427 14.3454 10.90882 26.52005 111.5991 31.28033 54.39723 46.25896 26.34505 205.5238 259.7049 -9999 2.813302 2.813302 2.813302 2.813302 3.729967 10.57353 10.35415 11.15917 8.850561 8.078229 31.60422 19.28189 16.76531 8.973187 51.02576 29.86585 67.03977 89.34129 109.0061 165.934 157.1156 32.06972 4.852376 1.055824 1.688244 0.6734389 2.329215 5.401098 19.93283 7.2446 1.037694 0.2087276 0.04621081 0.02848866 0.2525778 0.3275903 0.1109679 0.1233129 0 0 0 0.09058419 6.458799 4.513827 4.311586 3.307515 3.728498 1.827035 0.08379503 0.004920905 0.03928158 0.06532399
45.20591 16.41203 18.45817 17.82098 10.37935 3.153028 11.78222 9.275739 21.67363 18.02316 28.84613 28.33549 23.38361 25.26015 33.01704 48.35036 34.69299 -9999 -9999 2.813302 2.813302 2.813302 2.813302 3.125734 5.518349 5.518652 5.648534 7.793724 8.451476 9.336211 16.30981 21.9564 60.23209 77.62401 51.59116 21.70786 18.6307 10.29382 7.397213 6.497018 3.661254 2.997 41.69404 59.71713 17.58143 10.61133 3.189356 0 0 0 0 0 0 0.002302401 0.1723098 0.3980458 0.1051952 0.05227969 6.16226e-05 0.08058961 0.2770761 2.791895 0.4938478 0.4084542 3.319271 34.42286 9.941464 10.46354 0.4358816 0.5211137 1.599421
19.92068 33.39469 57.66959 10.37745 13.57716 40.86911 35.29495 33.798 25.97732 22.06742 38.74319 29.84773 36.24451 64.3401 21.44975 72.17506 65.38803 -9999 -9999 -9999 2.813302 2.813302 3.613498 7.256917 7.37099 5.518652 5.518652 7.438331 9.843931 8.786835 8.032176 13.56344 32.14655 43.82778 51.5891 106.3362 37.97952 12.47237 3.505243 1.253816 0.2085287 0.4673673 2.779457 13.81326 58.43284 0.05448005 0 1.390363 0.7631006 0.01918923 0.02272733 0.0002297833 2.358578 0.1997241 0.2589371 0.5584459 0.04554944 0.1201247 0.4598434 0.1186776 0.01151729 0.08133722 0.1092069 0.002856313 0.0843305 0.1529886 1.612543 35.71225 13.45879 31.45517 8.666211
18.12867 32.44781 42.25994 54.04806 75.53966 51.62617 47.29313 45.62433 56.45401 47.98024 24.35935 50.14297 62.11734 62.35928 16.28547 25.32706 154.5485 128.3695 -9999 -9999 3.672003 17.33937 28.16185 8.188802 20.91845 68.28345 6.554191 5.90607 9.618568 9.879407 8.828452 8.770404 8.885575 24.24387 42.24928 70.42455 60.9408 22.95568 5.733732 2.66032 0.3740465 0.5897134 1.432184 3.668232 18.95644 11.14162 46.89834 13.83183 2.199023 0.9419161 0.2658696 0.2945571 0.1560142 0.09615292 0.003637715 0.0001923365 0.001300004 0.04861104 0.4280546 0.224699 0.01576006 0.02169144 0.1811965 0.2927086 3.153614 1.238216 1.484359 2.608403 14.62265 46.57435 19.65492
16.65049 133.0516 203.9386 103.2243 209.6378 48.10945 24.91443 30.62378 29.31734 80.46347 59.17967 66.41177 36.66872 28.99103 13.01432 24.41598 35.78407 52.74299 69.12486 105.0594 52.81425 40.11774 7.593114 5.287339 13.29454 22.59299 94.1052 32.62172 8.50197 9.879407 9.734661 13.9125 21.02321 37.30087 34.87436 43.62223 40.04755 16.19919 8.727036 9.413959 6.043558 6.852334 3.476184 0.2543348 0.1470978 0.5483083 4.428649 4.255247 11.33605 1.245554 0.1475091 0.05169288 0.001770775 0 0 0 0 0 0.01713834 0.03022529 0.02504933 8.465032 0.719109 0.1819253 2.05794 1.643777 1.474962 6.961323 119.5503 53.21986 146.4815
76.18089 46.63187 317.0649 134.8622 20.82309 15.97921 21.04049 17.90741 7.149199 16.8575 49.39804 62.32185 64.91417 36.15469 20.85442 21.83931 19.93058 110.977 578.9252 15.78582 5.927754 2.996274 2.280246 3.216339 8.15815 22.30771 35.21565 34.49845 9.432076 11.81762 10.59019 21.08671 12.78372 13.6624 9.36245 18.17475 37.67383 6.485464 30.48903 97.96358 21.80962 11.72371 7.462177 5.995098 0.9114249 0.05908639 0.08726897 0.04023913 0.2102656 0.05252205 0 0 0 0 0 0 0 0 0 0.005826243 0.093109 0.4294298 0.05901274 0.3237145 0.4173491 0.4292931 1.961936 7.547607 7.058304 33.30094 112.9781
85.08532 70.06002 288.5948 126.3676 7.311466 1.62634 3.688407 21.70385 8.495536 8.770046 25.40758 25.40134 22.02212 38.30858 43.57464 59.47895 34.9044 37.4982 34.66264 4.613991 3.605733 2.450738 1.872495 1.379958 2.451205 6.193638 6.752465 9.825585 9.547816 45.50184 12.38115 5.437502 8.24368 12.62969 14.44804 33.92916 197.9268 80.41769 297.1243 295.4276 165.5558 149.1352 39.52949 5.903403 0.9441472 0.5970344 0.05022632 0.06518098 0.00163202 0 0 0 0 0 0 0 0 0 0 0.07333668 0.08387069 0.260983 1.093681 0.3798068 0.2167886 0.1906974 0.8865509 2.785614 2.816364 6.538154 22.33991
-9999 -9999 335.81 215.9137 2.110735 0.3914404 0.5915727 1.032868 1.953226 12.50738 51.2115 372.1763 11.36194 19.72962 24.91213 43.81884 26.65138 23.17285 21.94113 2.449771 0.9801334 0.8983111 0.8289762 0.6047005 1.708129 3.308652 5.104263 4.105818 5.123794 7.594397 5.734004 8.286718 10.38961 12.40984 20.33135 45.23416 49.6671 82.11228 198.4992 249.8516 279.3372 149.5736 101.9589 6.976904 1.24603 1.144683 0.2935093 0.1024023 0.03537364 0.003689641 0.06671587 0.1113855 0.07062149 0.09393308 0.04249413 0.0224029 0.003678389 0.02253838 0.04465039 0.02921988 0.08125222 0.2229811 1.717342 3.091625 2.754423 1.017586 1.523013 1.872152 2.208079 3.436307 3.484811
-9999 1085.593 255.709 101.576 1.708576 0.2170183 0.2763179 0.1551724 0.1533742 1.434904 36.71204 130.269 44.97543 22.40865 16.74583 31.7407 17.47911 28.26202 71.39134 57.12022 5.394052 11.68148 1.565282 0.7906195 0.6525918 5.163642 3.818749 2.825672 4.463179 9.694406 2.930173 8.885802 13.84017 9.322457 13.23856 7.590416 29.30518 102.8762 112.4781 173.2919 284.0034 500.9498 183.6128 58.64088 8.525223 0.9347425 0.5673735 0.4291888 0.2088285 0.1468229 0.2853353 0.2198485 0.1478247 0.09926799 0.2776527 0.2184009 0.1126127 0.293921 1.014663 1.061845 1.519618 0.6115415 2.205288 4.096418 2.13448 2.706289 2.302656 3.35867 3.403227 2.609221 4.665698
57.88345 249.4189 216.4035 25.17993 3.61148 1.319052 1.41438 1.950825 0.5700748 0.1534479 8.65732 40.74593 65.83252 56.89952 35.36307 62.85126 32.0803 23.98868 16.04195 32.92377 6.150922 20.17128 4.368659 2.312174 2.509819 5.67674 1.457967 3.149424 7.895447 1.677682 6.291835 16.2896 34.83564 7.910458 9.334267 3.911848 12.89293 65.68351 82.28288 251.6893 476.9757 646.1802 323.5628 182.4856 62.57468 7.321345 1.348705 0.2006354 0.1557545 0.1691276 0.2804542 0.2459615 0.3923635 0.2968337 0.3547666 0.453187 0.6686711 0.8518392 2.577529 3.444405 2.91297 2.672899 3.100447 3.941902 4.762139 4.522884 3.627245 4.760617 2.729767 6.541457 37.36371
1.931535 2.762763 11.1216 0.2056572 1.551472 2.896459 1.850674 2.23549 2.353885 2.500979 10.72153 2.656682 5.116953 23.36132 91.64557 40.47874 25.20927 20.22109 16.81252 15.58314 6.02247 2.719515 10.17976 12.11936 6.458126 7.844177 6.43144 9.197391 8.675034 1.681973 1.406673 2.627738 2.476875 46.50839 27.30673 12.37124 13.96138 90.5471 291.9069 308.075 292.915 202.218 251.4172 343.2039 197.5605 116.7213 32.93935 5.937195 0.7322556 0.1798867 0.3984016 0.1420104 0.2468023 0.3627948 0.4553067 0.472344 0.5528277 1.585808 2.944125 1.393708 1.154952 1.617046 2.175418 1.892241 2.631679 3.074335 1.650219 3.671452 5.361516 17.65137 324.8367
0.769405 1.019172 6.421693 2.552654 3.877253 1.462437 0.8003473 1.505021 2.237818 1.433695 1.50814 0.3558083 0.1555412 5.615906 46.35212 199.5637 4.478097 25.05455 26.93227 84.1827 18.84258 5.30379 8.759948 7.236041 10.02642 11.19252 8.718 9.154548 2.453024 0.5986938 1.371836 1.530504 4.706224 17.61592 13.9494 7.962985 11.41473 152.3391 243.4362 140.4226 111.5267 101.5796 163.2997 254.4006 460.6461 286.9297 123.5538 65.42629 39.89606 6.611432 0.6316786 0.4822538 0.5195886 0.9621582 3.015903 6.826553 7.183021 5.968018 22.89497 2.384775 1.259969 3.123841 1.081562 0.7451375 1.784786 2.570246 2.424464 2.584285 2.64656 39.33839 161.3119
1.845645 3.239408 3.702815 4.50025 3.133599 2.057361 1.706943 2.849955 3.003217 1.169734 0.8619934 1.816865 2.583632 3.084668 10.34552 15.72842 -9999 84.50571 11.58905 9.351208 14.68485 11.19119 7.654158 5.349974 12.68042 9.632895 5.921721 5.977441 4.969333 1.607002 1.303572 3.326629 4.279535 10.61271 23.51062 93.62527 91.69699 157.4097 14.4979 19.38574 42.08527 59.50065 130.1783 332.4029 1213.588 441.1771 407.001 161.4009 123.4454 65.07261 71.56388 43.11425 5.185845 1.354353 2.671148 1.755779 3.651501 2.125371 2.079607 2.348159 1.93428 6.151622 5.422916 1.818704 0.6615785 1.867671 3.703079 2.510447 6.034016 50.33009 50.08016
7.733067 11.62081 2.171633 3.031778 2.270823 0.4623222 0.8498542 3.23971 3.258141 1.294468 2.824231 3.91262 2.961783 2.467728 1.293189 1.928823 13.0328 3.10609 10.42929 23.03095 9.749233 7.446309 12.52097 23.84569 13.81174 5.222211 3.505849 5.427977 5.013669 6.067945 2.52252 2.488513 2.935658 7.295685 83.85204 227.6108 52.8576 13.7212 13.28793 27.1671 67.63455 99.27453 185.7442 204.9241 342.7809 451.2018 342.6096 343.6305 322.5043 275.1304 296.4618 170.4533 202.7153 51.89196 38.24603 69.85711 10.23185 3.662117 8.36193 6.377737 25.80046 92.48828 122.1724 7.514927 2.574949 4.261933 14.34144 13.8886 19.82556 68.48926 94.79227
2.535982 3.7805 1.967662 1.674866 1.149515 0.9907941 1.223665 2.452561 2.049757 3.935895 9.191691 6.917757 2.217519 1.226156 0.4658627 1.316148 63.24347 503.085 4.757201 -9999 8.507672 8.321007 18.55029 19.26806 9.701301 2.777557 4.877164 5.828314 7.310247 8.537017 8.949399 6.682734 3.153296 6.294613 65.24117 131.7249 14.60269 7.587584 16.14746 68.96181 99.69154 124.3796 222.7493 147.0149 163.922 213.1329 246.6651 528.8391 406.0015 459.0789 575.4784 609.6816 637.4538 385.5862 308.5223 336.7178 266.8534 192.7861 256.3937 245.5741 98.12983 118.2882 14.6018 2.626338 2.753629 6.401247 25.27928 49.7484 58.11907 49.29185 69.23337
