static/data/demographic data in a grid format/gpw_v4_basic_demographic_characteristics_rev11_atotpopmt_2010_cntm_1_deg.asc
ncols         360
nrows         180
xllcorner     -180
yllcorner     -90
cellsize      1
NODATA_value  -9999
[rows 0 to 31 of 180, columns 216 to 287 of 360]
-9999 -9999 -9999 -9999 -9999 -9999 -9999 -9999 -9999 -9999 -9999 -9999 -9999 -9999 -9999 -9999 -9999 -9999 -9999 -9999 -9999 -9999 -9999 -9999 -9999 -9999 -9999 -9999 -9999 -9999 -9999 -9999 -9999 -9999 -9999 -9999 -9999 -9999 -9999 -9999 -9999 -9999 -9999 -9999 -9999 -9999 -9999 -9999 -9999 -9999 -9999 -9999 -9999 -9999 -9999 -9999 -9999 -9999 -9999 -9999 -9999 -9999 -9999 -9999 -9999 -9999 -9999 -9999 -9999 -9999 -9999 -9999
-9999 -9999 -9999 -9999 -9999 -9999 -9999 -9999 -9999 -9999 -9999 -9999 -9999 -9999 -9999 -9999 -9999 -9999 -9999 -9999 -9999 -9999 -9999 -9999 -9999 -9999 -9999 -9999 -9999 -9999 -9999 -9999 -9999 -9999 -9999 -9999 -9999 -9999 -9999 -9999 -9999 -9999 -9999 -9999 -9999 -9999 -9999 -9999 -9999 -9999 -9999 -9999 -9999 -9999 -9999 -9999 -9999 -9999 -9999 -9999 -9999 -9999 -9999 -9999 -9999 -9999 -9999 -9999 -9999 -9999 -9999 -9999
-9999 -9999 -9999 -9999 -9999 -9999 -9999 -9999 -9999 -9999 -9999 -9999 -9999 -9999 -9999 -9999 -9999 -9999 -9999 -9999 -9999 -9999 -9999 -9999 -9999 -9999 -9999 -9999 -9999 -9999 -9999 -9999 -9999 -9999 -9999 -9999 -9999 -9999 -9999 -9999 -9999 -9999 -9999 -9999 -9999 -9999 -9999 -9999 -9999 -9999 -9999 -9999 -9999 -9999 -9999 -9999 -9999 -9999 -9999 -9999 -9999 -9999 -9999 -9999 -9999 -9999 -9999 -9999 -9999 -9999 -9999 -9999
-9999 -9999 -9999 -9999 -9999 -9999 -9999 -9999 -9999 -9999 -9999 -9999 -9999 -9999 -9999 -9999 -9999 -9999 -9999 -9999 -9999 -9999 -9999 -9999 -9999 -9999 -9999 -9999 -9999 -9999 -9999 -9999 -9999 -9999 -9999 -9999 -9999 -9999 -9999 -9999 -9999 -9999 -9999 -9999 -9999 -9999 -9999 -9999 -9999 -9999 -9999 -9999 -9999 -9999 -9999 -9999 -9999 -9999 -9999 -9999 -9999 -9999 -9999 -9999 -9999 -9999 -9999 -9999 -9999 -9999 -9999 -9999
-9999 -9999 -9999 -9999 -9999 -9999 -9999 -9999 -9999 -9999 -9999 -9999 -9999 -9999 -9999 -9999 -9999 -9999 -9999 -9999 -9999 -9999 -9999 -9999 -9999 -9999 -9999 -9999 -9999 -9999 -9999 -9999 -9999 -9999 -9999 -9999 -9999 -9999 -9999 -9999 -9999 -9999 -9999 -9999 -9999 -9999 -9999 -9999 -9999 -9999 -9999 -9999 -9999 -9999 -9999 -9999 -9999 -9999 -9999 -9999 -9999 -9999 -9999 -9999 -9999 -9999 -9999 -9999 -9999 -9999 -9999 -9999
-9999 -9999 -9999 -9999 -9999 -9999 -9999 -9999 -9999 -9999 -9999 -9999 -9999 -9999 -9999 -9999 -9999 -9999 -9999 -9999 -9999 -9999 -9999 -9999 -9999 -9999 -9999 -9999 -9999 -9999 -9999 -9999 -9999 -9999 -9999 -9999 -9999 -9999 -9999 -9999 -9999 -9999 -9999 -9999 -9999 -9999 -9999 -9999 -9999 -9999 -9999 -9999 -9999 -9999 -9999 -9999 -9999 -9999 -9999 -9999 -9999 -9999 -9999 -9999 -9999 -9999 -9999 -9999 -9999 -9999 -9999 -9999
-9999 -9999 -9999 -9999 -9999 -9999 -9999 -9999 -9999 -9999 -9999 -9999 -9999 -9999 -9999 -9999 -9999 -9999 -9999 -9999 -9999 -9999 -9999 -9999 -9999 -9999 -9999 -9999 -9999 -9999 -9999 -9999 -9999 -9999 -9999 -9999 -9999 -9999 -9999 -9999 -9999 -9999 -9999 -9999 -9999 -9999 -9999 -9999 -9999 -9999 -9999 -9999 -9999 -9999 -9999 -9999 -9999 -9999 -9999 -9999 -9999 -9999 -9999 -9999 -9999 -9999 -9999 -9999 -9999 -9999 -9999 -9999
-9999 -9999 -9999 -9999 -9999 -9999 -9999 -9999 -9999 -9999 -9999 -9999 -9999 -9999 -9999 -9999 -9999 -9999 -9999 -9999 -9999 -9999 -9999 -9999 -9999 -9999 -9999 -9999 -9999 -9999 -9999 -9999 -9999 -9999 -9999 -9999 -9999 -9999 -9999 -9999 -9999 -9999 -9999 -9999 -9999 -9999 -9999 -9999 -9999 -9999 -9999 -9999 -9999 -9999 -9999 -9999 -9999 -9999 -9999 -9999 -9999 -9999 -9999 -9999 -9999 -9999 -9999 -9999 -9999 -9999 -9999 -9999
-9999 -9999 -9999 -9999 -9999 -9999 -9999 -9999 -9999 -9999 -9999 -9999 -9999 -9999 0.5287242 0.01619145 -9999 -9999 0.3613566 0.8836631 1.422337 1.877694 2.052377 0.9243422 0.3053315 0.4864682 0.2746319 0.3202637 4.691318 1.612775 -9999 -9999 -9999 -9999 -9999 -9999 -9999 -9999 -9999 -9999 -9999 -9999 -9999 -9999 -9999 -9999 -9999 -9999 -9999 -9999 -9999 -9999 -9999 -9999 0.4678272 0.5653256 -9999 0.2325114 2.845802 7.496981 2.577321 -9999 -9999 -9999 -9999 -9999 -9999 -9999 -9999 -9999 -9999 -9999
0.3699123 -9999 -9999 -9999 -9999 -9999 -9999 -9999 0.07941671 0.520499 0.6285576 5.779597 3.01963 5.390305 3.602605 0.714502 1.634442 2.288281 2.992915 3.219407 3.369748 4.46548 3.183461 2.351825 1.729602 1.48429 0.4150383 1.846799 0.9845693 0.229492 -9999 -9999 -9999 -9999 -9999 -9999 -9999 -9999 -9999 -9999 -9999 -9999 1.341943 2.625844 -9999 -9999 -9999 -9999 -9999 -9999 -9999 -9999 -9999 -9999 0.0001586564 3.721711 8.911679 14.42917 8.414733 9.647667 10.0171 8.7655 1.342448 0.8806806 -9999 -9999 -9999 -9999 -9999 -9999 -9999 -9999
-9999 -9999 -9999 -9999 -9999 -9999 -9999 -9999 -9999 -9999 -9999 -9999 -9999 -9999 0.5166818 0.3307543 -9999 -9999 -9999 -9999 -9999 -9999 0.6600383 0.4744959 0.06473799 -9999 -9999 -9999 -9999 -9999 -9999 -9999 -9999 -9999 -9999 -9999 -9999 -9999 -9999 -9999 3.807954 1.602012 -9999 -9999 -9999 -9999 -9999 -9999 -9999 -9999 -9999 -9999 -9999 -9999 0.2463716 7.960299 13.29565 9.082928 20.08789 19.45558 27.51268 26.8231 8.621758 15.72361 1.40409 7.682456 13.528 4.9191 0.4441598 -9999 -9999 -9999
-9999 -9999 -9999 -9999 -9999 -9999 -9999 -9999 -9999 -9999 -9999 -9999 -9999 -9999 -9999 -9999 -9999 -9999 -9999 -9999 -9999 -9999 -9999 -9999 -9999 -9999 -9999 -9999 -9999 -9999 -9999 -9999 -9999 -9999 -9999 -9999 -9999 -9999 -9999 -9999 -9999 -9999 -9999 -9999 -9999 -9999 -9999 -9999 -9999 -9999 -9999 -9999 -9999 -9999 -9999 -9999 -9999 0.3263368 -9999 0.02844003 0.4564117 7.368453 2.271604 5.386216 27.58113 24.40596 23.34818 27.11376 20.8753 4.082879 3.835775 3.577138
-9999 -9999 -9999 -9999 -9999 -9999 -9999 -9999 -9999 -9999 -9999 -9999 -9999 -9999 -9999 -9999 -9999 -9999 -9999 -9999 -9999 -9999 -9999 -9999 -9999 -9999 -9999 -9999 -9999 -9999 -9999 0.00821933 -9999 -9999 -9999 -9999 -9999 -9999 -9999 -9999 -9999 -9999 -9999 -9999 -9999 -9999 0.6770168 -9999 -9999 -9999 -9999 -9999 1.064893 3.118514 0.417502 0.2987557 0.1517855 -9999 -9999 1.991563 3.815497 -9999 -9999 1.110886 0.7685067 7.262602 23.12058 34.18917 34.99114 19.77618 3.714934 2.083311
-9999 -9999 -9999 -9999 -9999 -9999 -9999 -9999 -9999 -9999 -9999 -9999 -9999 -9999 -9999 -9999 -9999 -9999 -9999 -9999 -9999 -9999 0.002424263 0.5016747 4.313275 9.184166 4.958779 3.553237 3.648725 4.482142 18.35905 22.38157 26.99926 0.0540921 -9999 -9999 -9999 -9999 -9999 -9999 -9999 -9999 -9999 -9999 -9999 -9999 -9999 -9999 -9999 -9999 -9999 -9999 0.07647265 0.06970449 -9999 0.08780161 0.1493392 3.873117 10.56739 17.266 11.19843 5.417351 11.29169 19.29899 26.41836 49.98761 55.8878 57.06693 57.54561 59.04662 54.91505 35.16602
-9999 -9999 -9999 -9999 -9999 -9999 -9999 -9999 -9999 -9999 -9999 -9999 -9999 -9999 -9999 -9999 -9999 -9999 -9999 1.197879 7.432403 11.65909 10.50747 9.972807 12.2628 7.87942 3.202572 7.920197 3.734992 4.524314 0.6322212 -9999 -9999 -9999 -9999 -9999 -9999 -9999 -9999 -9999 -9999 -9999 -9999 -9999 -9999 4.144538 5.404598 0.6113157 -9999 -9999 0.4918632 6.252585 16.93645 30.02255 38.94245 42.80658 50.20494 59.75652 64.03716 62.69554 59.94669 62.47721 63.44894 60.3185 60.95832 63.94954 63.87358 63.92293 60.22806 63.34285 63.1327 63.55087
-9999 -9999 -9999 -9999 -9999 -9999 -9999 -9999 -9999 -9999 -9999 -9999 -9999 -9999 -9999 -9999 -9999 -9999 2.125751 20.10646 31.40332 25.73346 29.89611 22.59454 6.26878 -9999 -9999 -9999 -9999 -9999 -9999 -9999 -9999 -9999 -9999 -9999 -9999 -9999 -9999 -9999 -9999 -9999 -9999 1.53857 -9999 -9999 1.972633 2.414755 2.52415 11.63721 34.26725 63.07576 68.64006 68.21942 67.90668 67.56669 68.12049 68.53831 68.81676 68.43551 68.24535 67.75736 66.61073 59.66987 46.79804 44.31401 58.47059 58.91824 49.04823 60.08617 62.82318 53.79393
-9999 -9999 -9999 -9999 -9999 -9999 -9999 -9999 -9999 -9999 -9999 -9999 -9999 -9999 -9999 -9999 -9999 14.1907 48.35427 57.37528 48.48632 20.47233 0.2502282 -9999 -9999 -9999 -9999 -9999 -9999 -9999 -9999 -9999 -9999 11.54951 483.9043 165.3981 -9999 -9999 82.42088 54.23919 55.49064 -9999 0.265791 1.665695 17.37175 43.95653 46.76925 47.60541 53.06379 52.52825 57.66869 62.05559 70.2305 70.79897 70.09982 70.52551 70.00098 70.21698 70.30607 70.91285 69.30724 67.00208 67.63452 66.79025 67.70992 62.0062 68.73479 65.92219 68.87492 68.54555 51.44951 37.30355
-9999 -9999 -9999 -9999 -9999 -9999 -9999 -9999 -9999 -9999 -9999 -9999 -9999 -9999 -9999 3.33829 26.22099 67.07726 69.28501 42.79094 2.386201 -9999 -9999 -9999 -9999 -9999 -9999 -9999 -9999 -9999 -9999 -9999 213.5033 1279.09 1249.476 1259.07 791.0897 -9999 180.1879 562.102 49.12947 382.6855 418.37 84.08413 15.47433 50.28575 68.14714 74.25895 71.8605 74.44304 74.11318 72.97715 71.61932 73.58004 72.07932 71.44958 73.33992 72.85802 73.3243 70.65724 69.17117 67.22511 66.18937 58.0803 68.96466 70.62302 68.46388 67.67825 65.50388 65.71369 69.52396 72.22594
-9999 -9999 -9999 -9999 -9999 -9999 -9999 -9999 -9999 -9999 -9999 -9999 -9999 -9999 -9999 17.74768 46.03334 56.98265 72.36517 56.63956 7.296128 -9999 -9999 -9999 -9999 -9999 -9999 -9999 -9999 -9999 63.69695 585.4861 1226.573 1546.55 1531.004 1413.984 383.6363 768.495 1490.679 669.4877 825.6144 978.5659 1228.495 991.5921 195.4503 57.42378 40.36307 55.77532 77.70905 77.17093 77.73098 78.88976 74.17001 74.41812 75.38364 73.63462 73.75163 73.0971 70.28749 66.55901 68.79827 70.56493 70.08221 74.61858 78.13133 76.99406 76.67649 80.9474 81.95174 81.95238 81.70639 81.76484
-9999 -9999 -9999 -9999 -9999 -9999 -9999 -9999 -9999 -9999 -9999 -9999 -9999 -9999 -9999 -9999 9.964093e-05 6.181406 22.29539 27.4834 26.91666 8.533437 35.51852 63.74078 2.321336 -9999 -9999 -9999 -9999 -9999 98.67564 1120.678 1478.338 1618.737 1420.867 1419.327 901.383 113.0415 1425.964 1498.288 1495.152 1472.181 1404.771 1267.266 662.2818 76.69583 59.25612 57.86029 81.35724 78.29742 77.01667 75.4684 76.05199 79.18274 82.21616 82.9659 82.99524 81.41859 79.76267 79.88911 80.5631 82.15696 81.88419 83.1856 85.80368 85.70254 86.01134 84.90858 86.14026 86.10348 86.20582 86.1758
123.8432 -9999 -9999 -9999 -9999 -9999 -9999 -9999 -9999 -9999 -9999 -9999 77.51595 106.5242 10.79541 -9999 -9999 -9999 -9999 -9999 -9999 -9999 5.09408 50.39157 118.4211 193.9466 178.7218 154.9577 168.4354 266.1892 123.5927 713.312 1372.808 1487.656 1370.603 1420.208 831.7669 384.0346 1489.423 1277.986 1394.258 1597.865 1640.208 1011.932 582.0519 556.8091 202.8576 78.20083 77.40858 73.93116 79.90623 37701.97 42136.12 79.01574 82.67307 86.73886 89.22695 89.04064 87.99501 76.66113 66.54959 57.51532 53.03688 49.44833 57.18598 61.33641 69.15736 72.48649 70.64463 71.16914 59.64727 50.58834
561.9661 331.503 175.2849 515.5842 -9999 -9999 -9999 22.97185 119.4452 125.1276 30.85695 -9999 48.62294 40.70842 64.75259 115.5157 126.9841 142.7347 60.20107 137.1556 146.9786 146.5727 204.6942 119.3375 180.2879 243.1612 257.5588 302.0589 2545.884 2500.938 1658.101 1111.768 674.0804 1439.09 1496.53 1507.505 1523.087 341.431 671.0339 1555.78 1505.061 686.3624 1709.634 1734.586 1625.52 1720.093 1119.035 96.21737 89.88313 83.01602 83.82307 2495.026 80.04023 80.74787 80.13288 85.75302 84.91689 72.69472 57.69128 45.3862 45.17667 45.24308 44.28286 45.14505 45.06088 44.58187 41.60835 43.56994 44.03865 44.68857 43.48571 28.41127
513.2169 501.0928 513.0467 843.5092 610.674 61.16116 -9999 17.08528 225.555 112.6402 33.10777 32.51031 188.7502 249.1182 259.6282 250.3909 1573.317 9036.91 267.1151 269.2014 261.1386 253.6785 252.804 255.7117 264.4607 627.246 3225.914 7511.215 9914.183 7361.204 2286.56 1775.512 1707.469 1658.736 1620.228 1518.779 991.5547 117.1194 1168.172 1795.915 1759.605 1283.62 1591.099 1702.514 1643.335 1763.741 584.6613 165.1412 134.7381 174.1711 165.4321 118.2422 131.3742 135.4397 134.1578 72.18997 45.2148 46.49187 46.78409 46.49432 47.3992 47.37532 47.49189 47.26548 46.2934 44.65622 43.79544 45.66731 47.3765 47.41354 41.70395 30.21974
527.3889 617.3411 636.1402 559.1557 300.159 126.3576 297.6203 194.9307 320.9323 321.4323 240.2679 259.0912 331.2108 395.0446 519.7888 658.4634 651.1671 1392.102 3557.639 3580.273 3521.469 3615.326 3439.133 2635.637 2618.31 2701.051 6361.152 6664.676 4044.593 1916.172 1612.602 1684.141 1665.863 1508.622 1364.618 980.6805 891.2874 1655.579 1939.831 1877.519 1873.659 1738.702 1866.355 1941.742 1822.968 1687.505 1774.3 541.6789 200.6352 198.276 188.3389 192.0508 203.2177 136.4632 72.67006 49.24908 49.42571 47.8757 48.09633 48.83078 49.14526 49.51826 49.51178 49.49417 49.26178 48.39669 48.92124 48.91007 48.82757 48.69003 424.953 550.0944
105.4712 205.9 -9999 305.7865 2393.373 1830.317 1091.759 949.9234 746.73 713.6736 698.3626 653.8537 709.3849 748.6052 761.6827 762.4166 819.2003 2282.676 2665.552 4113.199 4329.199 4294.134 4521.64 3348.601 2993.026 4874.608 4303.764 2049.759 1779.275 1334.145 1981.475 1998.042 2002.19 1993.051 2034.864 2005.353 1900.611 1987.218 2013.445 1978.737 1934.713 1786.354 1955.106 1966.086 1975.128 1773.906 1902.986 1834.909 762.0662 219.6122 218.6595 205.7583 202.9876 81.80275 51.24976 50.58091 51.11902 51.00395 51.41375 51.38289 51.54999 51.59014 51.53319 51.48299 51.33106 51.16189 51.67607 51.33753 50.24609 51.94046 625.6994 1170.269
671.9046 1942.942 4531.661 84153.48 193217.7 3332.136 2966.827 2381.07 1982.099 1131.5 915.9661 964.1801 933.6815 1077.773 1247.597 1875.654 9575.252 7192.441 4768.503 5892.278 4006.601 3111.005 3105.566 4552.505 7797.086 7783.119 7087.143 4434.426 4439.042 3936.845 4746.835 2700.416 3552.866 4465.816 3099.468 2023.131 2014.517 1942.435 1824.845 1960.787 1940.886 1966.319 1807.539 1903.679 2000.135 2043.717 2133.153 2162.681 2052.779 1647.639 223.3851 217.2752 231.5785 195.5555 149.0478 111.0402 54.76498 53.02333 53.29361 53.37775 53.46376 53.27574 53.19164 53.10891 53.13338 53.32526 53.41813 53.51225 53.46074 136.9642 666.2437 875.576
4321.777 3333.198 3817.979 4234.854 5665.523 5377.93 3754.944 2827.554 2442.812 2240.692 2084.167 1560.297 1482.451 1540.984 2226.835 2481.511 10030.12 20800.71 10489.46 6041.49 2269.139 1455.421 1397.494 5412.7 8219.615 7841.879 8139.542 8081.83 7431.845 6759.107 7929.205 8033.636 7951.557 7869.346 6939.268 4359.608 3821.128 3343.99 2563.571 2464.397 1999.833 1817.781 1757.841 2102.047 2524.264 2278.869 2185.356 2208.951 2228.005 1115.439 235.1231 224.0901 239.692 239.1771 239.8865 211.0824 64.75771 55.66132 55.69735 55.3002 54.82189 54.98905 55.2337 55.44498 55.53679 55.60329 55.53073 55.28267 55.17854 55.00456 61.14733 68.50026
4406.311 4621.215 4794.734 5136.874 13702.75 8960.73 3535.215 3337.196 2694.492 2283.307 2450.281 2287.553 2719.563 8500.953 6123.011 2722.337 2701.535 7207.747 8865.749 2048.878 938.3529 943.7304 943.2329 4974.526 8484.81 8454.018 8513.172 8504.042 8260.265 7656.712 7806.923 8354.813 8368.194 7551.965 6860.194 6234.834 5758.321 6479.627 6424.742 6986.032 6851.06 5662.56 4996.531 6013.061 7774.444 7329.711 6605.559 5182 2832.936 474.1427 247.4482 248.334 241.275 244.1532 184.7096 82.84995 57.34333 57.58032 57.54369 57.61877 57.62127 57.5647 57.58156 57.60332 57.47068 57.44166 57.55923 57.65126 57.65834 57.50865 65.41772 72.26368
4070.675 5273.403 4958.112 6541.561 9630.022 13079.44 10860.99 7627.48 6424.087 6646.009 40545.21 25427.27 4812.421 8533.351 124394.1 5540.741 2859.146 2970.103 2817.215 2789.946 2150.42 2085.879 2243.217 3327.045 4754.405 5437.759 7455.524 8799.046 8792.81 8706.297 8696.435 7492.258 8195.401 7805.531 8110.951 7052.831 7456.99 7064.943 7665.347 7939.967 8075.403 8583.44 8645.467 7650.437 8301.073 8349.515 8303.676 8307.942 7748.763 3548.859 429.3314 415.0169 381.96 244.2473 214.1325 61.96724 133.961 139.5248 129.3899 69.66529 59.05836 59.22707 59.2891 59.27418 59.18869 59.42016 59.49027 59.52377 60.58543 68.28522 74.70795 74.43643
6798.988 5587.501 7510.989 8988.459 9268.364 8566.475 9654.888 7303.425 5714.109 14441.55 16782.29 10571.11 6899.823 4887.854 3494.038 3257.285 8598.057 9291.582 9299.509 4491.28 3751.667 3882.281 3968.96 19503.98 13098.69 6043.253 2280.726 7524.238 8610.722 7854.178 8418.447 8429.748 8077.115 7413.649 8972.901 8853.675 8871.466 8841.002 8981.845 8931.301 7900.447 22164.64 2463.922 3113.529 2931.472 3728.175 2960.39 1063.637 1262.992 722.3283 726.4323 725.6506 723.7574 668.0951 607.9639 561.1613 646.8618 669.4646 666.1135 190.2173 61.37893 61.085 61.26756 185.8652 61.98079 61.18552 61.19359 61.4308 65.725 75.13529 77.22993 76.64767
10736.1 143557.6 35213.56 158864.7 28982.43 14055.74 8505.119 5725.552 6696.731 8275.595 8288.813 6954.003 9000.178 12450.98 5970.453 7820.445 11761.12 9539.371 10234.69 9847.395 122564.4 17715.26 18968.93 14830.32 57683.64 23001.94 1611.23 1752.435 6196.58 8152.23 8352.396 7240.897 5068.039 1836.95 2185.472 3425.662 7100.159 9289.475 9322.659 8460.012 3678.504 807.3569 806.8115 758.9032 704.8584 745.2816 885.6693 2079.537 1254.918 1127.298 1133.256 978.9645 825.4294 748.3292 736.5175 712.0725 692.2849 688.4525 1207.7 1644.905 1477.284 1762.951 2057.68 2430.381 1644.337 1386.956 815.6419 196.5983 64.01411 76.74787 79.49164 79.52154
16093.57 16198.18 11886.93 27605.97 22811.49 29412.44 17527.68 9689.192 15896.05 24522.35 10543.57 10791.62 30423.25 265232.2 62568.43 19668.7 68288.77 21854.84 29847.77 61507.05 96386.17 60727.63 32142.11 86505.66 40026.23 16970.91 10285.71 6676.566 4366.882 13372.19 6827.374 4506.06 52824.07 2486.65 3108.877 1947.186 1357.171 3052.222 5583.031 3023.129 771.4263 815.2705 859.7319 892.6975 1191.623 3691.242 6028.95 7075.19 1569.916 1290.642 2109.684 1839.554 883.5094 771.3026 772.6495 766.9948 38793.07 3308.598 2558.577 2620.184 2666.511 2669.275 2516.785 2128.39 1926.477 1813.331 22673.13 1499.292 864.8013 186.1952 756.1987 805.0305
