static/data/demographic data in a grid format/gpw_v4_basic_demographic_characteristics_rev11_atotpopft_2010_dens_1_deg.asc
ncols         360
nrows         180
xllcorner     -180
yllcorner     -90
cellsize      1
NODATA_value  -9999
[rows 0 to 31 of 180, columns 213 to 283 of 360]
-9999 -9999 -9999 -9999 -9999 -9999 -9999 -9999 -9999 -9999 -9999 -9999 -9999 -9999 -9999 -9999 -9999 -9999 -9999 -9999 -9999 -9999 -9999 -9999 -9999 -9999 -9999 -9999 -9999 -9999 -9999 -9999 -9999 -9999 -9999 -9999 -9999 -9999 -9999 -9999 -9999 -9999 -9999 -9999 -9999 -9999 -9999 -9999 -9999 -9999 -9999 -9999 -9999 -9999 -9999 -9999 -9999 -9999 -9999 -9999 -9999 -9999 -9999 -9999 -9999 -9999 -9999 -9999 -9999 -9999 -9999
-9999 -9999 -9999 -9999 -9999 -9999 -9999 -9999 -9999 -9999 -9999 -9999 -9999 -9999 -9999 -9999 -9999 -9999 -9999 -9999 -9999 -9999 -9999 -9999 -9999 -9999 -9999 -9999 -9999 -9999 -9999 -9999 -9999 -9999 -9999 -9999 -9999 -9999 -9999 -9999 -9999 -9999 -9999 -9999 -9999 -9999 -9999 -9999 -9999 -9999 -9999 -9999 -9999 -9999 -9999 -9999 -9999 -9999 -9999 -9999 -9999 -9999 -9999 -9999 -9999 -9999 -9999 -9999 -9999 -9999 -9999
-9999 -9999 -9999 -9999 -9999 -9999 -9999 -9999 -9999 -9999 -9999 -9999 -9999 -9999 -9999 -9999 -9999 -9999 -9999 -9999 -9999 -9999 -9999 -9999 -9999 -9999 -9999 -9999 -9999 -9999 -9999 -9999 -9999 -9999 -9999 -9999 -9999 -9999 -9999 -9999 -9999 -9999 -9999 -9999 -9999 -9999 -9999 -9999 -9999 -9999 -9999 -9999 -9999 -9999 -9999 -9999 -9999 -9999 -9999 -9999 -9999 -9999 -9999 -9999 -9999 -9999 -9999 -9999 -9999 -9999 -9999
-9999 -9999 -9999 -9999 -9999 -9999 -9999 -9999 -9999 -9999 -9999 -9999 -9999 -9999 -9999 -9999 -9999 -9999 -9999 -9999 -9999 -9999 -9999 -9999 -9999 -9999 -9999 -9999 -9999 -9999 -9999 -9999 -9999 -9999 -9999 -9999 -9999 -9999 -9999 -9999 -9999 -9999 -9999 -9999 -9999 -9999 -9999 -9999 -9999 -9999 -9999 -9999 -9999 -9999 -9999 -9999 -9999 -9999 -9999 -9999 -9999 -9999 -9999 -9999 -9999 -9999 -9999 -9999 -9999 -9999 -9999
-9999 -9999 -9999 -9999 -9999 -9999 -9999 -9999 -9999 -9999 -9999 -9999 -9999 -9999 -9999 -9999 -9999 -9999 -9999 -9999 -9999 -9999 -9999 -9999 -9999 -9999 -9999 -9999 -9999 -9999 -9999 -9999 -9999 -9999 -9999 -9999 -9999 -9999 -9999 -9999 -9999 -9999 -9999 -9999 -9999 -9999 -9999 -9999 -9999 -9999 -9999 -9999 -9999 -9999 -9999 -9999 -9999 -9999 -9999 -9999 -9999 -9999 -9999 -9999 -9999 -9999 -9999 -9999 -9999 -9999 -9999
-9999 -9999 -9999 -9999 -9999 -9999 -9999 -9999 -9999 -9999 -9999 -9999 -9999 -9999 -9999 -9999 -9999 -9999 -9999 -9999 -9999 -9999 -9999 -9999 -9999 -9999 -9999 -9999 -9999 -9999 -9999 -9999 -9999 -9999 -9999 -9999 -9999 -9999 -9999 -9999 -9999 -9999 -9999 -9999 -9999 -9999 -9999 -9999 -9999 -9999 -9999 -9999 -9999 -9999 -9999 -9999 -9999 -9999 -9999 -9999 -9999 -9999 -9999 -9999 -9999 -9999 -9999 -9999 -9999 -9999 -9999
-9999 -9999 -9999 -9999 -9999 -9999 -9999 -9999 -9999 -9999 -9999 -9999 -9999 -9999 -9999 -9999 -9999 -9999 -9999 -9999 -9999 -9999 -9999 -9999 -9999 -9999 -9999 -9999 -9999 -9999 -9999 -9999 -9999 -9999 -9999 -9999 -9999 -9999 -9999 -9999 -9999 -9999 -9999 -9999 -9999 -9999 -9999 -9999 -9999 -9999 -9999 -9999 -9999 -9999 -9999 -9999 -9999 -9999 -9999 -9999 -9999 -9999 -9999 -9999 -9999 -9999 -9999 -9999 -9999 -9999 -9999
-9999 -9999 -9999 -9999 -9999 -9999 -9999 -9999 -9999 -9999 -9999 -9999 -9999 -9999 -9999 -9999 -9999 -9999 -9999 -9999 -9999 -9999 -9999 -9999 -9999 -9999 -9999 -9999 -9999 -9999 -9999 -9999 -9999 -9999 -9999 -9999 -9999 -9999 -9999 -9999 -9999 -9999 -9999 -9999 -9999 -9999 -9999 -9999 -9999 -9999 -9999 -9999 -9999 -9999 -9999 -9999 -9999 -9999 -9999 -9999 -9999 -9999 -9999 -9999 -9999 -9999 -9999 -9999 -9999 -9999 -9999
-9999 -9999 -9999 -9999 -9999 -9999 -9999 -9999 -9999 -9999 -9999 -9999 -9999 -9999 -9999 -9999 -9999 0.02139237 0.02139239 -9999 -9999 0.02139232 0.02139236 0.02139238 0.02139237 0.02139235 0.02139236 0.02139239 0.02139238 0.02139228 0.02139238 0.02139239 0.02139239 -9999 -9999 -9999 -9999 -9999 -9999 -9999 -9999 -9999 -9999 -9999 -9999 -9999 -9999 -9999 -9999 -9999 -9999 -9999 -9999 -9999 -9999 -9999 -9999 0.02395788 0.02395783 -9999 0.02395788 0.02395788 0.02395788 0.02395787 -9999 -9999 -9999 -9999 -9999 -9999 -9999
0 -9999 -9999 0.04264176 -9999 -9999 -9999 -9999 -9999 -9999 -9999 0.02139226 0.02139238 0.02139235 0.02139238 0.02139238 0.02139238 0.02139238 0.02139235 0.02139237 0.02139238 0.02139237 0.02139238 0.02139237 0.02139238 0.02139237 0.02139238 0.02139237 0.02139238 0.02139235 0.02139237 0.02139238 0.02139238 -9999 -9999 -9999 -9999 -9999 -9999 -9999 -9999 -9999 -9999 -9999 -9999 0.02395787 0.02395787 -9999 -9999 -9999 -9999 -9999 -9999 -9999 -9999 -9999 -9999 0.02395788 0.02395788 0.02395787 0.02395788 0.02395788 0.02395788 0.02395788 0.02395788 0.02395785 0.02395788 -9999 -9999 -9999 -9999
-9999 -9999 -9999 -9999 -9999 -9999 -9999 -9999 -9999 -9999 -9999 -9999 -9999 -9999 -9999 -9999 -9999 0.02139238 0.02139235 -9999 -9999 -9999 -9999 -9999 -9999 0.02139233 0.02139231 0.0213922 -9999 -9999 -9999 -9999 -9999 -9999 -9999 -9999 -9999 -9999 -9999 -9999 -9999 -9999 -9999 0.02395788 0.02395788 -9999 -9999 -9999 -9999 -9999 -9999 -9999 -9999 -9999 -9999 -9999 -9999 0.02395788 0.02395788 0.02395788 0.02395788 0.02395788 0.02395788 0.02395788 0.02395788 0.02395788 0.02395788 0.02395787 0.02395788 0.02395788 0.02395788
-9999 -9999 -9999 -9999 -9999 -9999 -9999 -9999 -9999 -9999 -9999 -9999 -9999 -9999 -9999 -9999 -9999 -9999 -9999 -9999 -9999 -9999 -9999 -9999 -9999 -9999 -9999 -9999 -9999 -9999 -9999 -9999 -9999 -9999 -9999 -9999 -9999 -9999 -9999 -9999 -9999 -9999 -9999 -9999 -9999 -9999 -9999 -9999 -9999 -9999 -9999 -9999 -9999 -9999 -9999 -9999 -9999 -9999 -9999 -9999 0.02395784 -9999 0.02395788 0.02395785 0.02395788 0.02395787 0.02395788 0.02395788 0.02395788 0.02395788 0.02395788
-9999 -9999 -9999 -9999 -9999 -9999 -9999 -9999 -9999 -9999 -9999 -9999 -9999 -9999 -9999 -9999 -9999 -9999 -9999 -9999 -9999 -9999 -9999 -9999 -9999 -9999 -9999 -9999 -9999 -9999 -9999 -9999 -9999 -9999 0.02139238 -9999 -9999 -9999 -9999 -9999 -9999 -9999 -9999 -9999 -9999 -9999 -9999 -9999 -9999 0.02395787 -9999 -9999 -9999 -9999 -9999 0.02395788 0.02395787 0.0239578 0.02395788 0.02395788 -9999 -9999 0.02395788 0.02395787 -9999 -9999 0.02395784 0.02395787 0.02395788 0.02395788 0.02395788
-9999 -9999 -9999 -9999 -9999 -9999 -9999 -9999 -9999 -9999 -9999 -9999 -9999 -9999 -9999 -9999 -9999 -9999 -9999 -9999 -9999 -9999 -9999 -9999 -9999 0.02139238 0.02139238 0.02139238 0.02139238 0.02139238 0.02139238 0.02139239 0.02139238 0.02139239 0.02139238 0.02139238 0.02139239 -9999 -9999 -9999 -9999 -9999 -9999 -9999 -9999 -9999 -9999 -9999 -9999 -9999 -9999 -9999 -9999 -9999 -9999 0.02395788 0.02395788 -9999 0.02395788 0.02395784 0.02395787 0.02395787 0.02395787 0.02395786 0.02395788 0.02395788 0.02395788 0.02395788 0.02395788 0.02395788 0.02395788
-9999 -9999 -9999 -9999 -9999 -9999 -9999 -9999 -9999 -9999 -9999 -9999 -9999 -9999 -9999 -9999 -9999 -9999 -9999 -9999 -9999 -9999 0.02139239 0.02139238 0.02139238 0.02139238 0.02139238 0.02139239 0.02139238 0.02139238 0.02139239 0.02139239 0.02139238 0.02139239 -9999 -9999 -9999 -9999 -9999 -9999 -9999 -9999 -9999 -9999 -9999 -9999 -9999 -9999 0.02395787 0.02395787 0.02395787 -9999 -9999 0.02395788 0.02395788 0.02395788 0.02395788 0.02395788 0.02395788 0.02395788 0.02395788 0.02395788 0.02395788 0.02395788 0.02395788 0.02395788 0.02395788 0.02395788 0.02395788 0.02395788 0.02395788
-9999 -9999 -9999 -9999 -9999 -9999 -9999 -9999 -9999 -9999 -9999 -9999 -9999 -9999 -9999 -9999 -9999 -9999 -9999 -9999 -9999 0.02139238 0.02139238 0.02139238 0.02139238 0.02139238 0.02139238 0.02139238 -9999 -9999 -9999 -9999 -9999 -9999 -9999 -9999 -9999 -9999 -9999 -9999 -9999 -9999 -9999 -9999 -9999 -9999 0.02395787 -9999 -9999 0.02395788 0.02395787 0.02395787 0.02395788 0.02395788 0.02395788 0.02395788 0.02395788 0.02395788 0.02395788 0.02395788 0.02395788 0.02395788 0.02395788 0.02395788 0.02395788 0.02395788 0.02395788 0.02395788 0.02395788 0.02395788 0.02395788
-9999 -9999 -9999 -9999 -9999 -9999 -9999 -9999 -9999 -9999 -9999 -9999 -9999 -9999 -9999 -9999 -9999 -9999 -9999 -9999 0.02139238 0.02139238 0.02139239 0.02139239 0.02139238 0.02139238 -9999 -9999 -9999 -9999 -9999 -9999 -9999 -9999 -9999 -9999 0.4362432 0.4362432 0.4362432 -9999 -9999 0.4362433 0.4362432 0.4362432 -9999 0.02395788 0.02395787 0.02395788 0.02395788 0.02395788 0.02395788 0.02395788 0.02395788 0.02395788 0.02395788 0.02395788 0.02395788 0.02395788 0.02395788 0.02395788 0.02395788 0.02395788 0.02395788 0.02395788 0.02395788 0.02395788 0.02395788 0.02395788 0.02395788 0.02395788 0.02395788
-9999 -9999 -9999 -9999 -9999 -9999 -9999 -9999 -9999 -9999 -9999 -9999 -9999 -9999 -9999 -9999 -9999 -9999 0.02139238 0.02139238 0.02139239 0.02139239 0.02139239 0.02139239 -9999 -9999 -9999 -9999 -9999 -9999 -9999 -9999 -9999 -9999 -9999 0.4362433 0.4362433 0.4362433 0.4362433 0.4362432 -9999 0.4362432 0.4362432 0.4362433 0.4362432 0.2857779 0.05924876 0.02395788 0.02395788 0.02395788 0.02395788 0.02395788 0.02395788 0.02395788 0.02395788 0.02395788 0.02395788 0.02395788 0.02395788 0.02395788 0.02395788 0.02395788 0.02395788 0.02395788 0.02395788 0.02395788 0.02395788 0.02395788 0.02395788 0.02395788 0.02395788
-9999 -9999 -9999 -9999 -9999 -9999 -9999 -9999 -9999 -9999 -9999 -9999 -9999 -9999 -9999 -9999 -9999 -9999 0.02139239 0.02139238 0.02139238 0.02139239 0.02139239 0.02139238 -9999 -9999 -9999 -9999 -9999 -9999 -9999 -9999 -9999 0.4362432 0.4362433 0.4362432 0.4362432 0.4362432 0.4362433 0.4362432 0.4362433 0.4362432 0.4362432 0.4362432 0.4362433 0.4362432 0.314047 0.0608855 0.02395788 0.02395788 0.02395788 0.02395788 0.02395788 0.02395788 0.02395788 0.02395788 0.02395788 0.02395788 0.02395788 0.02395788 0.02395788 0.02395788 0.02395788 0.02395788 0.02395788 0.02395788 0.02395788 0.02395788 0.02395788 0.02395788 0.02395788
-9999 -9999 -9999 -9999 -9999 -9999 -9999 -9999 -9999 -9999 -9999 -9999 -9999 -9999 -9999 -9999 -9999 -9999 -9999 0.02139239 0.02139239 0.02139239 0.02139238 0.02139238 0.02139238 0.06618896 0.06618895 0.06618896 -9999 -9999 -9999 -9999 -9999 0.4362433 0.4362432 0.4362432 0.4362432 0.4362432 0.4362432 0.4362432 0.4362433 0.4362433 0.4362432 0.4362432 0.4362432 0.4362432 0.3733811 0.1874329 0.02395788 0.02395788 0.02395788 0.02395788 0.02395788 0.02395788 0.02395788 0.02395788 0.02395788 0.02395788 0.02395788 0.02395788 0.02395788 0.02395788 0.02395788 0.02395788 0.02395788 0.02395788 0.02395788 0.02395788 0.02395788 0.02395788 0.02395788
43.98591 0.8788908 0.8788908 0.814025 -9999 -9999 -9999 -9999 -9999 -9999 -9999 -9999 -9999 -9999 -9999 0.06618896 0.06618896 0.06618896 -9999 -9999 -9999 -9999 -9999 -9999 -9999 0.06618896 0.06618895 0.06618895 0.06618896 0.06618896 0.06618896 0.1168083 0.4299278 0.4362432 0.4362432 0.4362432 0.4362432 0.4362432 0.4362432 0.4362432 0.4362432 0.4362433 0.4362433 0.4362432 0.4362433 0.4348826 0.2647981 0.153165 0.1459557 0.05424912 0.02395788 0.02395788 0.02395788 0.02395788 12.29399 12.0166 0.02395788 0.02395788 0.02395788 0.02395788 0.02395788 0.02379139 0.02040367 0.01777901 0.01537212 0.01433317 0.01331762 0.01523853 0.01643643 0.01863329 0.01956843
34.9551 0.3736427 0.3112063 0.1538381 0.1213109 0.130282 1.302186 -9999 -9999 -9999 0.06618895 0.06618896 0.06618896 0.06618896 -9999 0.06618896 0.06618896 0.06618896 0.06618896 0.06618895 0.06618896 0.06618895 0.06618896 0.06618896 0.06618895 0.06618896 0.06618897 0.06618896 0.06618895 0.06618896 0.07813824 0.6521321 0.6321819 0.4362432 0.4362432 0.4362432 0.4362433 0.4362432 0.4362432 0.4362432 0.4362432 0.4362432 0.4362432 0.4362432 0.4362432 0.4362432 0.4362432 0.4362432 0.4362433 0.2774045 0.02569989 0.02395788 0.02453781 0.02537063 0.6999793 0.02395788 0.02395788 0.02395788 0.02395788 0.02263063 0.01861998 0.01472499 0.01155705 0.01155705 0.01155705 0.01155705 0.01155705 0.01155705 0.01155705 0.01155705 0.01155705
9.230289 2.368355 0.1307529 0.1213109 0.1213109 0.1213109 0.198297 0.1777869 0.1508691 -9999 0.06618896 0.06618896 0.06618896 0.06618896 0.06618896 0.06618896 0.06618895 0.06618896 0.06625866 0.4659591 2.467112 0.06648551 0.06649359 0.0665096 0.06652348 0.06652769 0.06644488 0.06651486 0.1532195 0.8079695 1.816601 2.356977 1.761874 0.5277519 0.4362433 0.4362432 0.4362432 0.4362433 0.4362433 0.4362433 0.4362433 0.4362432 0.4362432 0.4362432 0.4362432 0.4362433 0.4362432 0.4362433 0.4223357 0.1414166 0.04563636 0.03425173 0.04478481 0.04704946 0.03756763 0.03416816 0.03484312 0.03350457 0.01837298 0.01178681 0.01155705 0.01155705 0.01155705 0.01155705 0.01155705 0.01155705 0.01155705 0.01155705 0.01155705 0.01155705 0.01155705
0.4499872 0.233428 0.1782739 0.1740222 0.1679734 0.1558888 0.1532234 0.1272936 0.1530515 0.1657878 0.1657878 0.1078956 0.08045049 0.06864471 0.06637923 0.07770005 0.09150995 0.1185021 0.1502794 0.1674462 0.3219025 0.80665 0.8336322 0.8336322 0.8336322 0.7984459 0.6114898 0.6112701 0.6221142 1.457287 1.524157 0.9357405 0.4674979 0.4362433 0.4362433 0.4362432 0.4362433 0.4362432 0.4362432 0.4362432 0.4362433 0.4362433 0.4362433 0.4362432 0.4362433 0.4362433 0.4362432 0.4362432 0.4362432 0.4305165 0.1312638 0.04998738 0.04998738 0.04998738 0.04998738 0.04983254 0.03255637 0.01727915 0.01155705 0.01155705 0.01155705 0.01155705 0.01155705 0.01155705 0.01155705 0.01155705 0.01155705 0.01155705 0.01155705 0.01155705 0.01155705
0.8903067 1.109236 0.6851876 0.6836645 0.6836645 -9999 0.6836645 0.6546867 0.4158424 0.2485195 0.2176151 0.1704911 0.1614653 0.1577493 0.1474768 0.1600893 0.1641297 0.1674452 0.1674462 0.1888926 0.509261 0.5971377 0.9012067 0.964909 0.9859804 0.9890052 0.7361333 0.6514106 1.035477 0.9203335 0.4362432 0.4362433 0.4362432 0.4362432 0.4362432 0.4362432 0.4362432 0.4362432 0.4362432 0.4362432 0.4362432 0.4362433 0.4362432 0.4362432 0.4362432 0.4362432 0.4362432 0.4362432 0.4362432 0.4362432 0.392915 0.1636547 0.04998738 0.04998738 0.04998738 0.0464195 0.0185122 0.01155705 0.01155705 0.01155705 0.01155705 0.01155705 0.01155705 0.01155705 0.01155705 0.01155705 0.01155705 0.01155705 0.01155705 0.01155705 0.01155705
1.195644 1.138841 0.865133 0.7367197 0.7341838 1.323462 29.6639 49.9688 0.744228 0.6441918 0.5200007 0.42952 0.2442664 0.1967286 0.2053436 0.1994756 0.2279157 0.2621727 0.3937514 2.005751 1.519999 0.9992129 1.235111 0.8410068 0.667411 0.6548513 0.9361853 1.584337 1.602147 1.433913 0.8977184 0.9261756 1.082576 1.042541 0.5510904 0.7213086 0.9139102 0.6625558 0.4362433 0.4362432 0.4362433 0.4362432 0.4362433 0.4362432 0.4362433 0.4362433 0.4362432 0.4362433 0.4362432 0.4362433 0.4362433 0.4163047 0.3357048 0.05008132 0.04998738 0.04998738 0.04208362 0.03229529 0.02402928 0.01188976 0.01155705 0.01155705 0.01155705 0.01155705 0.01155705 0.01155705 0.01155705 0.01155705 0.01155705 0.01155705 0.01155705
1.862971 2.313059 1.736586 0.9770019 0.8228661 0.8242145 0.888087 1.184785 1.156562 0.7982914 0.5869541 0.5090706 0.4647699 0.4306078 0.3173695 0.3009405 0.3126861 0.4510252 0.5036812 2.027558 4.217255 2.123077 1.226293 0.4658065 0.295731 0.2829928 1.059299 1.602147 1.602147 1.602147 1.602147 1.602147 1.602147 1.602147 1.602147 1.602147 1.602147 1.52399 1.023494 0.823401 0.7550243 0.5334609 0.5410266 0.4545372 0.4362432 0.4362432 0.4362432 0.5012562 0.4460544 0.4362432 0.4362432 0.4362433 0.2226449 0.04998738 0.04998738 0.04998738 0.04998738 0.04998738 0.04406829 0.01344409 0.01155705 0.01155705 0.01155705 0.01155705 0.01155705 0.01155705 0.01155705 0.01155705 0.01155705 0.01155705 0.01155705
3.012353 3.092987 1.363473 1.007007 0.9740161 1.01233 1.036526 2.759248 1.804748 0.7359006 0.7017419 0.5440612 0.4572523 0.4912067 0.4531623 0.5428096 1.67739 1.211127 0.5345238 0.5290456 1.407475 1.732334 0.4000896 0.1849953 0.1849953 0.1849953 0.9392513 1.602147 1.602147 1.602147 1.602147 1.602147 1.602147 1.602147 1.602147 1.602147 1.602147 1.602147 1.602147 1.602147 1.602147 1.602147 1.602147 1.590816 1.2244 1.072498 1.168723 1.532607 1.397978 1.290825 1.013421 0.5370964 0.0922931 0.04998738 0.04998738 0.04998738 0.04998738 0.03702975 0.01673508 0.01155705 0.01155705 0.01155705 0.01155705 0.01155705 0.01155705 0.01155705 0.01155705 0.01155705 0.01155705 0.01155705 0.01155705
2.130067 34.21526 2.315228 1.061571 1.075154 1.034533 1.277081 1.87578 2.5322 2.124305 1.477418 1.242316 1.30937 7.953743 4.956312 0.935691 1.617128 23.75245 1.054428 0.5441288 0.5673715 0.5357354 0.5317897 0.4232726 0.4148374 0.4443821 0.6570445 0.9099267 1.020684 1.366526 1.602147 1.602147 1.602147 1.602147 1.602147 1.602147 1.602147 1.602147 1.602147 1.602147 1.602147 1.602147 1.602147 1.602147 1.602147 1.602147 1.602147 1.602147 1.602147 1.602147 1.582714 1.439138 0.6500356 0.08336307 0.08049944 0.07440617 0.0504105 0.04221303 0.01212679 0.02631546 0.02726979 0.02521997 0.0135666 0.01155705 0.01155705 0.01155705 0.01155705 0.01155705 0.01155705 0.01155705 0.01155705
4.450502 3.249325 1.680002 1.343602 1.383339 1.504054 1.803305 1.77493 1.637087 1.846542 1.403592 1.100612 2.788067 3.262954 2.045011 1.310734 0.8974221 0.6410568 0.6074386 1.662666 1.80515 1.806939 0.880628 0.7436248 0.7576637 0.773104 3.795601 2.554896 1.192511 0.4419276 1.392201 1.602147 1.602147 1.602147 1.602147 1.602147 1.602147 1.602147 1.602147 1.602147 1.602147 1.602147 1.602147 1.449553 4.276848 0.468358 0.5703571 0.5275221 0.6632066 0.5320694 0.1966073 0.2319995 0.136901 0.136901 0.136901 0.136901 0.1290576 0.1170603 0.1055387 0.1220058 0.1261158 0.125367 0.03576061 0.01155705 0.01155705 0.01155705 0.03508048 0.01170544 0.01155705 0.01155705 0.01155705
4.094456 4.225862 2.570734 2.028136 28.14667 7.083841 31.9174 5.431404 2.634855 1.602546 1.075457 1.25354 1.551024 1.562805 1.305005 1.678515 2.305262 1.118517 1.464411 2.211975 1.792052 1.92637 1.854082 24.84628 3.343738 3.576163 2.80648 10.92574 4.361328 0.317267 0.3250927 1.074298 1.49217 1.602147 1.477897 0.9806554 0.3358971 0.3827734 0.5978189 1.226526 1.601946 1.602147 1.458989 0.6446222 0.1464905 0.1495467 0.1479519 0.1378202 0.1394662 0.1604104 0.3760703 0.2305086 0.2034789 0.2062638 0.1798368 0.1510575 0.136901 0.136901 0.1325441 0.1264899 0.1261232 0.2207516 0.3000736 0.2694019 0.3214512 0.3751317 0.4436316 0.3000229 0.2529659 0.1493219 0.03625436
6.234941 5.299425 3.295497 2.997726 3.4922 4.170626 5.274516 4.272117 5.434939 3.298709 1.789846 2.976112 4.60436 1.945951 1.965129 5.595191 48.68424 11.48816 3.583757 12.43639 3.974336 5.462347 11.6124 21.295 11.25319 5.893323 15.95538 7.382367 3.111059 1.899248 1.251704 0.8120293 2.472935 1.173391 0.7890396 9.528219 0.4160583 0.5350714 0.3405792 0.2301433 0.520439 0.9636075 0.5215563 0.1358872 0.1423667 0.1500119 0.1567923 0.2112538 0.675513 1.121514 1.262288 0.2790191 0.2283639 0.3715888 0.3237281 0.1568367 0.136901 0.136901 0.136901 7.101575 0.6033326 0.4665089 0.4749199 0.4807959 0.4807959 0.4558905 0.3858239 0.3530925 0.3308044 4.268139 0.2686882
