static/data/demographic data in a grid format/gpw_v4_basic_demographic_characteristics_rev11_atotpopft_2010_cntm_1_deg.asc
ncols         360
nrows         180
xllcorner     -180
yllcorner     -90
cellsize      1
NODATA_value  -9999
[rows 64 to 95 of 180, columns 144 to 215 of 360]
-9999 -9999 -9999 -9999 -9999 -9999 -9999 -9999 -9999 -9999 -9999 -9999 -9999 -9999 -9999 -9999 -9999 -9999 -9999 -9999 -9999 28.71181 79.14725 90.48499 210.7898 210.8553 210.7181 210.8456 211.0148 425.923 1696.237 980.9354 929.8526 954.9901 955.4927 955.4927 955.4927 1710.165 1416.229 2072.994 239.785 444.7909 694.032 1092.505 915.775 1495.765 2665.251 5359.597 5061.763 2079.518 1632.842 1632.842 1632.842 1632.842 1632.842 832.4257 668.1078 668.1078 668.1078 668.1078 668.1066 0 0 0 34687.62 7898.803 36713.94 0 971392.4 19567.13 6293.655 -9999
-9999 -9999 -9999 -9999 -9999 -9999 -9999 -9999 -9999 -9999 -9999 -9999 -9999 -9999 -9999 -9999 -9999 -9999 -9999 -9999 50.39004 20.32774 41.04339 46.45507 139.9238 139.9236 139.9234 139.9232 139.923 282.7874 412.7183 492.3965 708.9119 787.6805 828.986 872.9967 920.6616 716.8498 241.7309 241.7309 241.7309 388.8585 487.8159 500.6982 751.274 1451.254 1928.354 1895.391 1646.186 1646.186 1646.186 1646.186 1646.186 1646.186 1646.186 843.5233 673.5676 673.5676 673.5676 673.5676 673.5663 0 0 0 0 0 5659.51 0 337122.3 143777.4 990.8863 498.2976
-9999 -9999 -9999 -9999 -9999 -9999 -9999 -9999 -9999 -9999 -9999 -9999 -9999 -9999 -9999 -9999 -9999 -9999 -9999 709.1692 40441.39 52.14328 4.946875 55.08717 141.0056 141.0056 141.0056 145.4657 172.9286 290.0099 415.938 415.938 422.8317 587.1882 766.9319 779.2951 779.2951 555.946 415.4793 378.1819 412.5886 5570.122 597.6812 422.324 992.8558 832.9195 1336.696 1195.514 1127.032 1464.353 1659.01 1469.742 1420.617 1659.028 1659.028 854.4323 678.8223 678.8223 678.8223 678.8223 678.821 0 0 0 0 0 2121.242 0 63925 4249.203 999.6154 2400.728
-9999 -9999 -9999 -9999 -9999 -9999 -9999 -9999 -9999 -9999 -9999 -9999 -9999 -9999 -9999 -9999 -9999 -9999 -9999 128.722 35.82888 93.56217 16.18526 18606.59 142.0541 142.1439 159.9157 186.3593 189.6515 414.6082 437.0035 419.031 419.031 419.031 473.7792 698.3521 785.0901 704.6484 646.2037 646.2037 890.8203 12710.58 5804.94 286.9886 286.9886 393.3052 1086.987 364.218 363.0281 392.9859 616.8325 837.6734 593.6629 853.9082 1372.123 863.9005 683.8702 683.8702 683.8702 683.8702 683.8688 6.784808 8.364122 9.525928 9.79335 6.832359 9.176879 2361.933 43.04432 27.55265 206.5851 3700.281
-9999 -9999 -9999 -9999 -9999 -9999 -9999 -9999 -9999 -9999 -9999 -9999 -9999 -9999 -9999 -9999 -9999 -9999 2275.642 796.9052 559.3183 844.494 1088.457 905.9069 164.9883 178.3336 190.9936 190.9936 230.0908 514.0532 535.5869 421.9964 421.9963 421.9964 421.9963 500.3142 826.809 1295.073 637.6545 607.6194 2968.453 13243.62 7180.209 547.6244 713.1711 1133.08 1156.105 365.5972 365.5972 365.5972 365.5972 749.8938 763.1611 586.3714 586.3714 611.3411 658.4222 691.1635 688.7097 688.7097 688.7111 1380.412 1380.424 1380.424 1380.424 1380.414 1371.514 1327.702 8938.805 11266.84 8853.339 8844.163
-9999 -9999 -9999 -9999 -9999 -9999 -9999 -9999 -9999 -9999 -9999 -9999 -9999 -9999 -9999 -9999 -9999 -9999 43171.59 326.2186 1751.657 2485.208 15011.56 3855.662 404.3786 398.5894 415.7091 432.8237 464.0685 514.4424 699.0093 467.741 424.8332 424.8546 433.3513 690.2101 864.5751 1610.974 1223.265 545.8483 757.015 1113.311 2285.14 7504.62 1175.161 1174.749 1165.425 368.0549 368.0549 368.0549 368.0549 491.1057 924.3866 685.5092 590.3132 590.809 925.6545 1638.958 1030.608 694.0178 693.3411 2994.83 2990.668 2987.145 2983.856 2980.676 2948.633 2972.626 10096.26 11683.8 8641.597 8706.671
-9999 -9999 -9999 -9999 -9999 -9999 -9999 -9999 -9999 -9999 -9999 -9999 -9999 -9999 -9999 -9999 -9999 -9999 -9999 597.7333 1167.351 2143.563 4253.98 1579.255 3999.756 363.0685 326.8174 344.4292 513.064 514.5853 698.5071 687.58 427.5406 893.3935 1520.652 497.7763 2175.258 3957.919 2047.21 697.9236 1311.184 2559.727 8395.59 8915.897 1383.558 1182.235 1174.41 370.4004 370.4004 370.4004 370.4004 541.433 884.5966 603.5907 594.0752 1234.984 1896.069 1897.18 1897.18 1615.456 4773.033 4773.216 4773.216 9875.534 14950.47 14875.13 55585.99 17271.27 18272.21 12483.63 8520.169 8538.387
-9999 -9999 -9999 -9999 -9999 -9999 -9999 -9999 -9999 -9999 -9999 -9999 -9999 -9999 -9999 -9999 -9999 -9999 -9999 85095.85 299237.4 6676.213 8238.431 12159.15 9744.507 1142.176 249.4278 385.3413 517.6872 517.6872 674.9582 1717.693 834.109 1045.399 3241.664 7869.622 4814.725 10273.11 3131.749 662.556 3487.09 4407.949 8907.559 8159.686 2014.94 1310.136 2307.063 372.6332 372.6332 372.6332 372.6332 606.0323 1393.086 1530.406 1530.881 2653.692 1953.756 1908.616 1908.616 1908.616 4801.635 4801.988 4801.988 7827.007 10855.72 10807.53 11535.84 35084.54 49882.84 42642.58 22060.18 29091.34
-9999 -9999 -9999 -9999 -9999 -9999 -9999 -9999 -9999 -9999 16676.06 3165.143 -9999 -9999 -9999 -9999 -9999 -9999 -9999 5562.235 47069.79 19643.57 32341.04 35274.93 17587.39 8298.603 3705.104 2292.301 523.6327 520.6314 712.9346 934.1602 3236.603 3737.078 17619.6 13983.11 9272.278 6821.348 1082.171 1397.096 3695.413 4421.397 5165.624 20965.05 39469.82 26270.81 18464.5 926.3686 1775.659 2165.482 2179.654 1826.478 1740.097 1740.259 3332.849 6382.809 4171.549 1919.471 1983.317 2053.209 4828.957 4829.298 4829.298 6262.275 7669.874 10991.94 19043.42 25867.29 60859.41 61845.7 50073.09 44951.05
-9999 -9999 -9999 -9999 -9999 -9999 -9999 -9999 -9999 -9999 11627.35 33285.45 -9999 15447.68 -9999 -9999 -9999 -9999 -9999 100250.6 166363 136045.3 125116.5 86981.95 65118.28 42762.34 34753.56 28217.35 44148.46 7313.604 9108.112 16093.21 144261.7 40571.79 20965.87 92969.13 28385.65 7899.774 3131.322 2080.775 7594.485 23388.6 22981.52 6760.465 10083.96 4819.07 3022.31 2877.957 2217.995 2217.995 2678.394 6757.821 4270.896 1853.358 5011.095 6651.381 4198.703 1929.741 17902.25 23036.51 8091.463 4855.137 5139.394 13455.87 14790.82 19785.99 21608.18 205350.8 552844.8 185513.9 73583.4 68364.02
-9999 -9999 -9999 -9999 -9999 -9999 -9999 -9999 -9999 -9999 -9999 1748.325 132065.2 171.3234 -9999 -9999 -9999 -9999 1771.072 421514.3 168529.8 77778.04 168115.6 146878.2 77786.08 99058.39 130263.5 68281.48 61858.46 42674.41 36170.22 82003.52 114732.8 34133.74 25584.99 17910.26 55894.37 36940.71 26290.42 37992.39 71155.52 116041.7 67433.27 27733.85 56452.1 56571.69 2893.743 2891.374 2229.124 2342.617 7678.711 9396.387 9403.285 8971.347 12992.43 21854.94 32130.04 45903.58 47064.96 25167.02 9979.228 4879.497 4892.784 19520.47 20027.97 22413.04 27024.19 34764.63 1720697 457684 83358.69 221805.4
-9999 -9999 -9999 -9999 -9999 -9999 -9999 -9999 -9999 -9999 -9999 20086.67 14008.85 -9999 -9999 -9999 -9999 -9999 1554323 1207022 615837.1 97798.44 75744.63 106276.2 190417 113429.8 117550.2 44767.41 54770.36 72978.13 158296.1 230478.6 288491.1 132013.1 112248 167835.2 170970.6 207636 122804.5 124497.6 230479.5 504791.4 404481.8 304080.3 188060 186911.9 45642.02 20875.88 29575.32 35978.34 28619.26 53538.23 12893.78 13041.19 24452.12 36546.95 67968 93955.58 91642.84 58574.16 29832.91 75484.27 40633.28 24422.96 20687.67 42777.86 66370.86 130919 595099.2 885884.8 127869.4 186627.1
-9999 -9999 -9999 -9999 -9999 -9999 -9999 -9999 -9999 -9999 -9999 -9999 -9999 -9999 -9999 -9999 -9999 -9999 -9999 763440.4 457382.6 270126.5 144098.5 69288.4 58236.51 64237 98030.13 91516.87 196361.7 321448.4 299672.5 286481.7 230233.2 451545.4 446862.8 330623.2 209040.9 231468.3 777881.9 331399.3 347705.3 1116604 618134.3 924064 925853.6 426983 145991.5 116651.9 137449.3 176760.2 100371.5 196263.4 72952.36 45074.87 27242.1 41526.2 94344.45 173372.2 254103.3 230395.5 283177.7 185265.4 52772.54 74001.59 96597.27 165274 228465.6 190082.5 517464.8 429432.6 213069 157273.3
-9999 -9999 -9999 -9999 -9999 -9999 -9999 -9999 -9999 -9999 -9999 -9999 -9999 -9999 -9999 -9999 -9999 -9999 -9999 229036.5 329439.1 267454.4 144693.7 92520.77 67440.21 54756.21 77311.3 564853.4 992145.9 250769.4 398975.1 280221.9 269067.5 571990.8 1524486 551584.1 195398 118498.8 200091.1 403743.6 837974.8 693775.9 899554.4 1491140 2609361 995803.8 819478.1 250246.8 236561.2 308823.1 482929.6 452631.8 84217.49 74262.36 86343.55 60804.34 43808.43 111784.3 171592.1 129322 277023.5 225731.2 73289.28 110984.2 106501.4 119170.2 203324 148751.6 170310.1 129571.8 243724.8 94505.43
-9999 -9999 -9999 -9999 -9999 -9999 -9999 -9999 -9999 -9999 -9999 -9999 -9999 -9999 -9999 -9999 -9999 -9999 -9999 17842.28 315229.1 95148.06 130572.9 496613.2 143830.8 89633.32 215526.8 213447.5 173846.8 216838.2 324635.8 576281.6 305391.5 273450 286555.1 580019.8 266577.7 157842 184693.1 305708.5 556411.1 524132.8 454532.7 1737657 2897982 1223142 965974.2 474650.6 217167 721588.9 409075.1 135256.3 51281.36 55456.63 69930 38583.16 42119.19 43322.1 79289.99 154228.7 358185.8 253168.1 163940.4 94266.08 71889.48 72318.38 79990.94 64998.6 56645.29 78123.46 169341.7 41330.57
-9999 -9999 -9999 -9999 -9999 -9999 -9999 -9999 -9999 -9999 -9999 -9999 -9999 -9999 -9999 -9999 -9999 -9999 -9999 -9999 2198.087 203360.4 245891 309319.2 154694.2 114853 228472.9 94263.48 82155.14 187662.8 271223.1 253973.5 226989 288560.2 223070.6 557610.6 484206.5 271287.1 185318.7 171836.7 222847.8 300939.8 314742.9 1093264 711275.8 478834.7 481380.7 812072.3 415774 990218.1 771250.1 284689.5 97623.66 64059.65 34147.31 35247.35 39283.66 11231.14 11842.05 105662.6 176961.6 81763.13 119989.6 70347.35 46947.94 38042.87 40147.3 45515.57 44052.97 58828.98 122381.4 77548.11
-9999 -9999 -9999 -9999 -9999 -9999 -9999 -9999 -9999 -9999 -9999 -9999 -9999 -9999 -9999 -9999 -9999 -9999 -9999 -9999 -9999 50.26458 1042221 316048.1 167347.6 176458.4 122823.5 75418.63 81817.7 140335.1 357477.1 77825.36 84081.04 167337.3 99431.67 413723.4 285229.6 436934.3 278843.3 172352 163129.9 437637.9 596323.8 983748.1 1323227 796371.9 285402.9 667224.3 683008.2 526663.6 326313.9 438895.4 230216.2 165610.2 87870.7 53381.93 10817.86 7953.429 7254.059 38622 63748.13 5431.47 117284.4 193306 131544.2 110103.6 64464.41 132270.2 42803.29 51871.54 291494.5 502118.2
-9999 -9999 -9999 -9999 -9999 -9999 -9999 -9999 -9999 -9999 -9999 -9999 -9999 -9999 -9999 -9999 -9999 -9999 -9999 -9999 -9999 -9999 654362.9 462889.6 346533.8 487086.4 191879.6 166160.3 94254.6 125340.8 160453.8 100088.3 90749.82 164912.1 111214.9 190612.2 288993.7 264489.8 255080.6 590649.4 1200762 552577.8 413945.5 697150.5 603842 435705.8 241014.6 361111.5 251516.7 175935 90717.38 268244.5 330775.2 264670 108442.9 7839.261 5870.558 6186.565 3192.678 15180.68 15510.46 5446.506 48531.34 142279 201031.4 118955.8 92398.3 77434.55 95060.81 153516.2 305052 627694
-9999 -9999 -9999 -9999 -9999 -9999 -9999 -9999 -9999 -9999 -9999 -9999 -9999 -9999 -9999 -9999 -9999 -9999 -9999 -9999 -9999 -9999 315.5774 123371.5 557557.8 128040.2 177806 468785.7 409999.7 347615.5 413594.8 364029.9 248220.5 585201.7 483086.6 155197.3 441297.8 554868.4 646276.8 2114866 2676929 2289621 1093532 883202.1 897934.1 675881.3 223190 105116.8 58953.63 109957.1 89140.01 124190.6 130479.4 59358.64 43854.09 21992.69 3827.294 15853.32 8815.6 1612.977 614.0201 3449.537 15591.12 50972.91 85203.15 133585.4 78583.83 75925.06 79087.95 54770.2 28186.63 482377
-9999 -9999 -9999 -9999 -9999 -9999 -9999 -9999 -9999 -9999 -9999 -9999 -9999 -9999 -9999 -9999 -9999 -9999 -9999 -9999 -9999 -9999 -9999 -9999 34124.25 800923.7 163462.2 215914.8 365111.1 593552.3 642331.4 328933.1 396524.3 541959.8 2035271 809679.1 771383.8 1917580 1975206 5910076 795508.8 1075711 2204794 2727020 1254610 560444.6 614610.8 229986.4 78605.07 96782.08 82379.07 103392.5 66304.27 87102.04 37059.59 53379.34 9702.675 26745.75 11777.06 1912.824 2183.634 394.6931 20248.75 22376.15 49439.54 93372.91 114243.6 86648.86 61945.61 31330.12 28171.93 237402.6
-9999 -9999 -9999 -9999 -9999 -9999 -9999 -9999 -9999 -9999 -9999 -9999 -9999 -9999 -9999 -9999 -9999 -9999 -9999 -9999 -9999 -9999 -9999 -9999 -9999 21626.88 68252.23 64927.57 112055.8 498282.2 361093 1707848 1106084 387627.8 927538.9 2763364 274456.3 2421.308 -9999 -9999 10835.79 1227657 2308414 4745111 631859.8 300876.3 1063274 105372.2 34183.4 74182.61 60000.79 58088.04 48982.64 35862.41 20165.75 55203.21 92294.92 49033.5 9264.293 8368.28 6424.703 19424.6 14996.1 35895.52 70143.04 44192.59 59806.07 96037.06 59052.64 88952.38 62205.07 38102.72
-9999 -9999 -9999 -9999 -9999 -9999 -9999 -9999 -9999 -9999 -9999 -9999 -9999 -9999 -9999 -9999 -9999 -9999 -9999 -9999 -9999 -9999 -9999 -9999 -9999 -9999 456.0495 25986.48 146236 160989 196.4293 -9999 -9999 47430.39 251218.9 -9999 -9999 -9999 -9999 -9999 -9999 227664.2 1286324 2518132 752849.8 1246300 120100.6 206450.3 67742.76 60612.77 74449.52 112653.5 59951.16 52038.48 548379.4 135367.7 131224.4 113556.3 82183.87 30649.35 29892.58 17463.77 14553.49 32270.27 62803.53 62451.79 142385.3 139502.4 130163.3 163417.6 63984.55 57212.37
-9999 -9999 -9999 -9999 -9999 -9999 -9999 -9999 -9999 -9999 -9999 -9999 -9999 -9999 -9999 -9999 -9999 -9999 -9999 -9999 -9999 -9999 -9999 -9999 -9999 -9999 -9999 -9999 -9999 -9999 -9999 -9999 -9999 -9999 -9999 -9999 -9999 -9999 -9999 -9999 -9999 -9999 -9999 -9999 141432.5 611432.1 123844.9 1439474 70998.38 39109.14 42165.9 45780.81 42267.45 53104.21 115907.2 346248.8 188398.6 124219.9 88285.18 40174.73 41639.84 47684.4 59469.14 68684.98 42645.76 111626.4 609968.2 668481.9 249072.7 185088.8 160630.4 84827.45
-9999 -9999 -9999 -9999 -9999 -9999 -9999 -9999 -9999 -9999 -9999 -9999 -9999 -9999 -9999 -9999 -9999 -9999 -9999 -9999 -9999 -9999 -9999 -9999 -9999 -9999 -9999 -9999 -9999 -9999 -9999 -9999 -9999 -9999 -9999 -9999 -9999 -9999 -9999 -9999 -9999 -9999 -9999 -9999 -9999 26552.67 124119.1 123242.2 56280.62 44222.64 28215.24 25648.48 18536.93 22833.63 176025.7 211819.2 195581.6 194917.3 185447.3 76059.42 57657.16 69794.14 68146.12 140506.3 110674.9 144242.7 1019509 434584.2 801717.9 451399.5 209184.3 111464.4
-9999 -9999 -9999 -9999 -9999 -9999 -9999 -9999 -9999 -9999 -9999 -9999 -9999 -9999 -9999 -9999 -9999 -9999 -9999 -9999 -9999 -9999 -9999 -9999 -9999 -9999 -9999 -9999 -9999 -9999 -9999 -9999 -9999 -9999 -9999 -9999 -9999 -9999 -9999 -9999 -9999 -9999 -9999 3448.006 -9999 104163.5 137470.4 114110.9 22130.99 10134.24 11701.16 10852.74 13480.42 23233.54 61136.94 97658.75 110940.2 136176.9 64884.12 58301.4 69965.84 54425.51 31660.8 70655.98 55793.68 239701.8 638396.7 493078 399849.2 1127575 996463.5 423704.9
-9999 -9999 -9999 -9999 -9999 -9999 -9999 -9999 -9999 -9999 -9999 -9999 -9999 -9999 -9999 -9999 -9999 -9999 -9999 -9999 -9999 -9999 -9999 -9999 -9999 -9999 -9999 -9999 -9999 -9999 -9999 -9999 -9999 -9999 -9999 -9999 -9999 -9999 -9999 -9999 -9999 -9999 82206.34 -9999 -9999 362390 12785.22 14366.39 11070.57 11842.66 20459.94 15937.41 13487.92 25229.57 91698.02 88971.81 72550.75 74079.26 70869.98 86627.13 169374.5 344792.2 26928.69 32358.26 300729.8 1262093 1006735 686780.8 2531634 1807394 3215939 1179031
-9999 -9999 -9999 -9999 -9999 -9999 -9999 -9999 -9999 -9999 -9999 -9999 -9999 -9999 -9999 -9999 -9999 -9999 -9999 -9999 -9999 -9999 -9999 -9999 -9999 -9999 -9999 -9999 -9999 -9999 -9999 -9999 -9999 -9999 -9999 -9999 -9999 -9999 -9999 -9999 -9999 -9999 23.203 -9999 5906.131 95558.98 23999.67 11170.64 15738.76 15788.16 23034.95 22815.02 22658.23 42153.94 218621.9 74699.3 76131.77 78600.4 61712.5 66881.52 52767.92 37538.83 53591.07 49616.54 217489.7 676863.4 1188489 861168.9 42754.8 14842.29 2237500 1406504
-9999 -9999 -9999 -9999 -9999 -9999 -9999 -9999 -9999 -9999 -9999 -9999 -9999 -9999 -9999 -9999 -9999 -9999 -9999 -9999 -9999 -9999 -9999 -9999 -9999 -9999 -9999 -9999 -9999 -9999 -9999 -9999 -9999 -9999 -9999 -9999 -9999 -9999 -9999 -9999 -9999 2534.087 -9999 -9999 505.486 25410.42 15053.3 20360.16 28891.52 132889.5 22452.39 25245.18 46500.33 98461.23 85213.55 59463.92 16883.69 25830.02 51075.66 49794.09 44440.57 39097.03 59063.62 80618.88 559921.3 2459458 1682055 608197.9 33199.57 341091.7 751676.3 159242.4
-9999 -9999 -9999 -9999 -9999 -9999 -9999 -9999 -9999 -9999 -9999 -9999 -9999 -9999 -9999 -9999 -9999 -9999 -9999 -9999 -9999 -9999 -9999 -9999 -9999 -9999 -9999 -9999 -9999 -9999 -9999 -9999 -9999 -9999 -9999 -9999 -9999 -9999 -9999 -9999 -9999 -9999 -9999 -9999 -9999 2309.612 17290.82 32870.18 42254.01 43531.7 30246.46 25458.76 126085.2 61216.28 68087.56 56434.76 38418.03 24440.81 2266.776 543.6652 4306.341 115626.5 76164.23 78920.3 1297530 2384214 1553984 356297.6 900549.7 785951.4 209865.4 65212.47
-9999 -9999 0 1338 -9999 -9999 -9999 -9999 -9999 -9999 -9999 -9999 -9999 -9999 -9999 -9999 -9999 -9999 -9999 -9999 -9999 -9999 -9999 -9999 -9999 -9999 -9999 -9999 -9999 -9999 -9999 -9999 -9999 -9999 -9999 -9999 -9999 -9999 -9999 -9999 -9999 -9999 -9999 -9999 -9999 -9999 2165.044 22366.94 59558.17 55132.24 42231.84 24546.02 45788.59 146053.6 68635.16 60804.55 38182.88 33823.26 2736.749 -9999 6209.34 72931.45 150238.3 105719.2 333204.7 1997135 908762.4 251659.7 615117.5 580479.9 213644 234939.3
-9999 -9999 -9999 -9999 -9999 -9999 -9999 -9999 -9999 -9999 -9999 -9999 -9999 -9999 -9999 -9999 -9999 -9999 -9999 -9999 -9999 -9999 -9999 -9999 -9999 -9999 -9999 -9999 -9999 -9999 -9999 -9999 -9999 -9999 -9999 -9999 -9999 -9999 -9999 -9999 -9999 -9999 -9999 -9999 -9999 -9999 -9999 322502.9 91921.54 188972.5 101797.8 3868863 136821.5 155630 342872.9 296005.6 154153 184903.1 159087.6 37960.75 5809.603 60603.34 191627.7 122054.9 189368.4 652395.8 374938.4 71668.59 341203.2 348313.4 434187.9 453742.3
761810.7 -9999 -9999 -9999 -9999 -9999 -9999 -9999 -9999 -9999 -9999 -9999 -9999 -9999 -9999 -9999 -9999 -9999 -9999 -9999 -9999 -9999 -9999 -9999 -9999 -9999 -9999 -9999 -9999 -9999 -9999 -9999 -9999 -9999 -9999 -9999 -9999 -9999 -9999 -9999 -9999 -9999 -9999 -9999 -9999 -9999 -9999 4.029802 386283 487203.5 271528.7 240201.3 151789.5 186132.2 443685.8 261358.9 229846.5 283271.1 746500.7 202012.6 133035.3 130358 182412.6 125373.5 101276.4 79381.35 87857.09 95131.6 214331.7 91887.75 134435.6 179033.1
