static/data/demographic data in a grid format/gpw_v4_basic_demographic_characteristics_rev11_atotpopft_2010_dens_1_deg.asc
ncols         360
nrows         180
xllcorner     -180
yllcorner     -90
cellsize      1
NODATA_value  -9999
[rows 64 to 95 of 180, columns 142 to 212 of 360]
-9999 -9999 -9999 -9999 -9999 -9999 -9999 -9999 -9999 -9999 -9999 -9999 -9999 -9999 -9999 -9999 -9999 -9999 -9999 -9999 -9999 -9999 -9999 0.00358153 0.007076372 0.008090053 0.01884623 0.01885209 0.01883982 0.01885121 0.01886634 0.03808079 0.1516566 0.08770317 0.08313597 0.08538346 0.08542839 0.08542839 0.08542839 0.1529019 0.1266218 0.1853416 0.02143862 0.03976773 0.0620518 0.09767839 0.08187732 0.1337329 0.2382939 0.4791892 0.4525605 0.1859249 0.1459886 0.1459886 0.1459886 0.1459886 0.1459886 0.07442525 0.05973398 0.05973398 0.05973398 0.05973398 0.05973386 0 0 0 3.10134 0.7062137 3.282508 0 87.81593
-9999 -9999 -9999 -9999 -9999 -9999 -9999 -9999 -9999 -9999 -9999 -9999 -9999 -9999 -9999 -9999 -9999 -9999 -9999 -9999 -9999 -9999 0.0217181 0.001895146 0.003639849 0.004119773 0.01240886 0.01240884 0.01240882 0.01240881 0.01240879 0.02507842 0.03660108 0.04366719 0.0628684 0.06985384 0.07351693 0.07741994 0.081647 0.06357236 0.02143741 0.02143741 0.02143741 0.03448512 0.04326095 0.0444034 0.0666252 0.1287015 0.1710121 0.1680889 0.1459886 0.1459886 0.1459886 0.1459886 0.1459886 0.1459886 0.1459886 0.07480615 0.05973397 0.05973397 0.05973397 0.05973397 0.05973386 0 0 0 0 0 0.5019021 0 30.16073
-9999 -9999 -9999 -9999 -9999 -9999 -9999 -9999 -9999 -9999 -9999 -9999 -9999 -9999 -9999 -9999 -9999 -9999 -9999 -9999 -9999 1.377158 3.927756 0.004588425 0.0004353076 0.004847477 0.01240799 0.01240799 0.01240799 0.01280047 0.0152171 0.02551985 0.03660108 0.03660108 0.0372077 0.05167049 0.06748731 0.06857523 0.06857523 0.04892129 0.03656072 0.03327867 0.03630635 0.4901511 0.05259384 0.03716303 0.08736783 0.07329398 0.1176246 0.1052011 0.09917483 0.1288579 0.1459871 0.1293321 0.1250093 0.1459886 0.1459886 0.07518703 0.05973398 0.05973398 0.05973398 0.05973398 0.05973386 0 0 0 0 0 0.201537 0 7.147332
-9999 -9999 -9999 -9999 -9999 -9999 -9999 -9999 -9999 -9999 -9999 -9999 -9999 -9999 -9999 -9999 -9999 -9999 -9999 -9999 -9999 0.02316995 0.003129544 0.00817237 0.001413733 1.625229 0.01240799 0.01241584 0.01396815 0.01627792 0.01656548 0.03621476 0.03817092 0.03660108 0.03660108 0.03660108 0.04138317 0.06099893 0.06857523 0.06154889 0.05644392 0.05644392 0.07781043 1.11023 0.5070438 0.02506758 0.02506758 0.03435401 0.09494497 0.03181333 0.0317094 0.03432612 0.05387844 0.07316822 0.05185464 0.07458628 0.1198508 0.07545907 0.05973398 0.05973398 0.05973398 0.05973398 0.05973386 0.0005926323 0.0007305806 0.0008320608 0.0008554193 0.0005967857 0.0008015724 0.2403927 0.004138247
-9999 -9999 -9999 -9999 -9999 -9999 -9999 -9999 -9999 -9999 -9999 -9999 -9999 -9999 -9999 -9999 -9999 -9999 -9999 -9999 10.87861 0.07191477 0.04851145 0.07324564 0.09440536 0.07857218 0.01430996 0.01546744 0.01656548 0.01656548 0.0199565 0.04458546 0.04645314 0.03660108 0.03660108 0.03660108 0.03660108 0.04339384 0.07171176 0.1123258 0.0553058 0.05270076 0.2574634 1.148661 0.6227623 0.0474972 0.06185559 0.09827566 0.1002726 0.0317094 0.0317094 0.0317094 0.0317094 0.06504066 0.06619138 0.05085785 0.05085785 0.05302355 0.05710705 0.0599468 0.05973398 0.05973398 0.05973409 0.1197275 0.1197286 0.1197286 0.1197286 0.1197277 0.1197286 0.1197286 0.7752908
-9999 -9999 -9999 -9999 -9999 -9999 -9999 -9999 -9999 -9999 -9999 -9999 -9999 -9999 -9999 -9999 -9999 -9999 -9999 -9999 319.0477 0.06110802 0.1509123 0.2141106 1.293306 0.3321808 0.03483884 0.03434007 0.03581501 0.0372895 0.03998136 0.04432127 0.06022245 0.04029777 0.03660108 0.03660292 0.03733495 0.05946437 0.07448661 0.1387919 0.1053892 0.04702701 0.06521988 0.09591617 0.1968739 0.646553 0.1012448 0.1012093 0.100406 0.0317094 0.0317094 0.0317094 0.0317094 0.04231072 0.07963961 0.05905937 0.05085785 0.05090056 0.07974885 0.1412028 0.08879098 0.05979241 0.05973412 0.2580166 0.2576581 0.2573545 0.2570711 0.2567972 0.255963 0.2561036 0.8698332
-9999 -9999 -9999 -9999 -9999 -9999 -9999 -9999 -9999 -9999 -9999 -9999 -9999 -9999 -9999 -9999 -9999 -9999 -9999 -9999 -9999 0.1396136 0.09993508 0.183507 0.3641766 0.1351976 0.3424129 0.03108173 0.02797833 0.02948604 0.04392261 0.04405285 0.0597981 0.05886265 0.03660108 0.07648202 0.1301806 0.04261385 0.1862204 0.3388313 0.1752584 0.05974815 0.1122484 0.2191342 0.7187333 0.763276 0.1184442 0.1012093 0.1005394 0.0317094 0.0317094 0.0317094 0.0317094 0.04635124 0.07572893 0.05167245 0.05085785 0.105725 0.1624146 0.1624146 0.1624146 0.1382967 0.4086119 0.4086275 0.4086275 0.8454291 1.279886 1.273437 4.792182 1.478566 1.567508
-9999 -9999 -9999 -9999 -9999 -9999 -9999 -9999 -9999 -9999 -9999 -9999 -9999 -9999 -9999 -9999 -9999 -9999 -9999 -9999 -9999 77.73534 25.46375 0.5681156 0.7010533 1.034747 0.8292135 0.09719402 0.02122518 0.0327908 0.04405284 0.04405284 0.05743589 0.1461679 0.07097891 0.08895873 0.275851 0.6696693 0.4097113 0.8741949 0.2664977 0.05638052 0.2967356 0.3750965 0.757993 0.6943524 0.1714623 0.1114866 0.1963206 0.0317094 0.0317094 0.0317094 0.0317094 0.05157061 0.1185453 0.1302307 0.1302711 0.2258172 0.1663216 0.1624146 0.1624146 0.1624146 0.4085974 0.4086275 0.4086275 0.666043 0.9237731 0.919672 0.9877474 3.003602 4.253294
-9999 -9999 -9999 -9999 -9999 -9999 -9999 -9999 -9999 -9999 -9999 -9999 27.8717 140.6348 -9999 -9999 -9999 -9999 -9999 -9999 -9999 4.096893 3.982776 1.66252 2.736706 2.985129 1.488144 0.7021801 0.3135047 0.1939614 0.0443068 0.04405285 0.06032444 0.07904328 0.2738628 0.3162102 1.497339 1.18356 0.7845671 0.5771834 0.09156712 0.1182142 0.3126847 0.3741133 0.4370855 1.773942 3.33971 2.222885 1.56236 0.078384 0.1502461 0.1832307 0.1844298 0.1545461 0.147237 0.1472507 0.2820065 0.5400767 0.3529725 0.1624146 0.1678169 0.1737307 0.4085986 0.4086275 0.4086275 0.5298778 0.6489807 0.9300746 1.611345 2.189957 5.149574
-9999 -9999 -9999 -9999 -9999 -9999 -9999 -9999 -9999 -9999 -9999 -9999 48.50551 59.55861 -9999 18.63527 -9999 -9999 -9999 -9999 -9999 19.57789 14.31561 11.46023 10.54819 7.41868 5.480612 3.599048 2.924997 2.374884 3.715709 0.6155418 0.7665748 1.354468 12.55095 3.447746 1.771582 7.892592 2.39178 0.6648907 0.2635444 0.1751263 0.6391819 1.968477 1.934216 0.5689875 0.8487062 0.405592 0.2543695 0.2422203 0.1866753 0.1866753 0.2254242 0.568765 0.3594555 0.155986 0.4217536 0.5598065 0.3533794 0.1624146 1.506724 1.938844 0.6810096 0.4086275 0.4325517 1.132499 1.244854 1.665267 1.81863 17.28314 46.69256
-9999 -9999 -9999 -9999 -9999 -9999 -9999 -9999 -9999 -9999 -9999 -9999 -9999 27.58029 126.6408 5.902269 -9999 -9999 -9999 -9999 64.88082 49.2991 14.1733 6.513427 14.12643 12.33356 6.51599 8.296264 10.90876 5.71815 5.180781 3.573717 3.029031 7.063825 9.887527 2.858524 2.14582 1.500185 4.71736 3.094081 2.201786 3.181627 5.958833 9.729349 5.647117 2.322538 4.727513 4.737527 0.242333 0.2421346 0.1866753 0.1961796 0.6430443 0.786889 0.7874667 0.7512946 1.088035 1.830215 2.690691 3.844139 3.941398 2.107582 0.8356983 0.4086275 0.4097402 1.634718 1.677218 1.876953 2.263108 2.911322 147.1227
-9999 -9999 -9999 -9999 -9999 -9999 -9999 -9999 -9999 -9999 -9999 -9999 -9999 41.51223 56.82497 -9999 -9999 -9999 -9999 -9999 1142.199 109.0013 51.36472 8.151798 6.313546 8.874393 15.94782 9.454934 9.798169 3.7315 4.565277 6.090793 13.23677 19.41538 24.06933 11.0037 9.357327 13.99961 14.29571 17.36364 10.23855 10.37754 19.22736 42.08556 33.71696 25.34603 15.67537 15.57968 3.804402 1.740069 2.465193 2.998905 2.385503 4.462621 1.074736 1.087023 2.038159 3.0463 5.66534 7.831484 7.639046 4.882335 2.486664 6.291844 3.386908 2.035985 1.72438 3.565665 5.532214 10.9125 51.70922
-9999 -9999 -9999 -9999 -9999 -9999 -9999 -9999 -9999 -9999 -9999 -9999 -9999 -9999 -9999 -9999 -9999 -9999 -9999 -9999 -9999 98.52173 38.84735 22.48495 11.95963 5.750466 4.83583 5.513718 8.135717 7.595965 16.36961 27.08215 25.13673 23.84815 19.16127 37.50917 37.19234 27.48791 17.35875 19.25395 64.76859 27.50473 28.86931 93.66141 51.45541 76.81858 76.8757 35.44653 12.1165 9.68107 11.40766 14.76287 9.626677 16.52656 6.054398 3.740813 2.260953 3.446305 7.829934 14.38835 21.08908 19.12078 23.50123 15.37571 4.379652 6.141474 8.016716 13.71627 18.96165 15.77516 43.81838
-9999 -9999 -9999 -9999 -9999 -9999 -9999 -9999 -9999 -9999 -9999 -9999 -9999 -9999 -9999 -9999 -9999 -9999 -9999 -9999 -9999 31.5912 28.23436 22.13213 11.96173 7.647523 5.57443 4.565857 6.390349 46.95673 82.38529 20.78938 32.97887 23.1634 22.26929 47.31407 126.3863 45.72544 16.15521 9.799664 16.60834 33.41226 69.30077 57.46443 74.82577 123.7033 216.7502 82.36874 67.83146 20.69233 19.55381 25.76152 41.74154 37.44477 6.961196 6.236072 7.13693 5.025927 3.621089 9.239864 14.18335 10.68942 22.90159 18.65835 6.057899 9.173665 8.803124 9.850293 16.82577 12.29542 14.20044
-9999 -9999 -9999 -9999 -9999 -9999 -9999 -9999 -9999 -9999 -9999 -9999 -9999 -9999 -9999 -9999 -9999 -9999 -9999 -9999 -9999 12.67268 52.78943 7.943949 10.75305 40.89915 11.84514 7.381688 17.83971 18.22615 14.31651 17.8569 26.73985 47.4644 25.15744 22.52507 23.60478 48.45745 22.19924 12.99904 15.20972 25.28795 46.08458 43.16761 37.43382 143.5617 242.1005 100.8264 79.56333 39.08809 17.88398 59.4935 33.68786 11.21751 4.223086 4.566925 5.758826 3.177507 3.468776 3.567631 6.530188 12.70266 29.49707 20.84872 13.5007 7.762933 5.920192 5.955887 6.587357 5.352719 4.692612
-9999 -9999 -9999 -9999 -9999 -9999 -9999 -9999 -9999 -9999 -9999 -9999 -9999 -9999 -9999 -9999 -9999 -9999 -9999 -9999 -9999 -9999 12.03339 30.1933 20.25733 25.54785 12.69612 9.426789 18.81451 7.736428 6.742667 15.40416 22.27405 20.86584 18.63082 23.68823 18.33034 45.78918 39.75164 22.26517 15.20954 14.10305 20.09587 24.7042 26.07271 89.87659 58.378 39.32502 39.59343 67.52939 34.12835 81.27856 63.77588 23.62543 8.069424 5.279042 2.802551 2.921667 3.224103 0.921766 0.9719214 8.671984 14.52365 6.710494 9.847834 5.773574 3.853129 3.124002 3.295076 3.735571 3.63814
-9999 -9999 -9999 -9999 -9999 -9999 -9999 -9999 -9999 -9999 -9999 -9999 -9999 -9999 -9999 -9999 -9999 -9999 -9999 -9999 -9999 -9999 -9999 43.45686 158.7016 25.88641 13.69272 14.43786 10.05019 6.170766 6.694339 11.49556 29.29165 6.367685 6.879526 13.69219 8.141371 33.8551 23.33806 35.75172 22.81602 14.10199 13.78224 36.0016 49.4919 80.58567 108.3975 65.1928 23.35821 55.20908 56.5917 43.36318 26.83112 36.02116 18.87668 13.58133 7.213986 4.367719 0.8856679 0.650751 0.5935284 3.160116 5.215884 0.4444039 9.596232 15.81773 10.7678 9.013941 5.323862 10.87249 3.505792
-9999 -9999 -9999 -9999 -9999 -9999 -9999 -9999 -9999 -9999 -9999 -9999 -9999 -9999 -9999 -9999 -9999 -9999 -9999 -9999 -9999 -9999 -9999 -9999 340.2897 38.62585 28.28381 39.76857 15.65628 13.55773 7.690885 10.22729 13.10095 8.167976 7.404669 13.45624 9.103063 16.9442 24.06741 21.58086 20.81738 48.3539 98.04012 45.45353 34.04853 57.32368 49.32043 35.81946 19.849 29.46465 20.52233 14.99909 7.445017 21.93773 27.0631 21.64057 8.848736 0.6396549 0.4790041 0.5047885 0.2605043 1.238657 1.265566 0.4444039 3.959923 11.60987 16.42447 9.746078 7.628682 6.318219 7.758665
-9999 -9999 -9999 -9999 -9999 -9999 -9999 -9999 -9999 -9999 -9999 -9999 -9999 -9999 -9999 -9999 -9999 -9999 -9999 -9999 -9999 -9999 -9999 -9999 35.42131 20.46826 48.02122 10.43013 14.48265 38.1575 33.4069 28.30372 35.15353 29.63252 20.20418 47.63214 39.32054 13.32043 42.6521 45.64551 52.6224 172.5523 218.2091 186.4855 90.53587 72.30671 74.10941 55.45883 18.20135 8.555918 4.798495 8.951797 7.255569 10.11229 10.62134 4.83813 3.574878 1.790082 0.3115203 1.290371 0.7175404 0.1312873 0.0499778 0.280773 1.26903 4.14891 6.935175 10.87317 6.588207 6.19197 6.437316
-9999 -9999 -9999 -9999 -9999 -9999 -9999 -9999 -9999 -9999 -9999 -9999 -9999 -9999 -9999 -9999 -9999 -9999 -9999 -9999 -9999 -9999 -9999 -9999 -9999 -9999 19.02299 81.50418 13.28503 17.53663 30.64704 48.74846 52.36399 26.73178 32.21138 44.01806 166.0724 71.80106 69.94727 195.4874 258.4937 882.4753 89.60567 87.41605 182.0148 221.5215 102.1638 45.55665 49.93921 18.93644 6.490055 7.874407 6.690841 8.397555 5.385523 7.075809 3.009985 4.335478 0.7880527 2.172615 0.9572871 0.1553599 0.1773551 0.03205728 1.644607 1.817395 4.015487 7.583762 9.311082 7.164335 5.031232
-9999 -9999 -9999 -9999 -9999 -9999 -9999 -9999 -9999 -9999 -9999 -9999 -9999 -9999 -9999 -9999 -9999 -9999 -9999 -9999 -9999 -9999 -9999 -9999 -9999 -9999 -9999 113.513 8.797262 5.263762 9.089128 40.52792 32.44151 179.0241 113.3593 32.01651 80.48855 374.5501 106.0255 258.9648 -9999 -9999 110.497 133.8311 190.8311 385.7408 51.63881 24.39808 87.63544 8.557775 2.772699 6.03175 4.864342 4.709273 3.971086 2.912108 1.634863 4.518971 7.48247 3.980336 0.7516428 0.678597 0.5215541 1.574777 1.215753 2.910096 5.686587 3.582751 4.848556 7.819725 4.787474
-9999 -9999 -9999 -9999 -9999 -9999 -9999 -9999 -9999 -9999 -9999 -9999 -9999 -9999 -9999 -9999 -9999 -9999 -9999 -9999 -9999 -9999 -9999 -9999 -9999 -9999 -9999 -9999 41.87603 7.596069 21.2865 61.32299 33.36765 -9999 -9999 53.81807 422.5264 -9999 -9999 -9999 -9999 -9999 -9999 75.67892 167.0046 404.5825 142.1666 102.684 9.758055 16.87719 5.509752 4.913829 6.02651 9.120776 4.858259 4.218669 44.83054 11.01594 10.77928 9.318211 6.734723 2.492331 2.421352 1.413662 1.178706 2.612201 5.083795 5.055322 11.52575 11.31895 10.53641
-9999 -9999 -9999 -9999 -9999 -9999 -9999 -9999 -9999 -9999 -9999 -9999 -9999 -9999 -9999 -9999 -9999 -9999 -9999 -9999 -9999 -9999 -9999 -9999 -9999 -9999 -9999 -9999 -9999 -9999 -9999 -9999 -9999 -9999 -9999 -9999 -9999 -9999 -9999 -9999 -9999 -9999 -9999 -9999 -9999 -9999 72.04874 202.8423 10.07345 116.3897 5.740139 3.16193 3.409065 3.707016 3.424429 4.293415 9.515872 27.99382 15.2339 10.04304 7.167755 3.272928 3.397441 3.884152 4.834836 5.572274 3.454885 9.024928 49.31524 54.71617 20.13975
-9999 -9999 -9999 -9999 -9999 -9999 -9999 -9999 -9999 -9999 -9999 -9999 -9999 -9999 -9999 -9999 -9999 -9999 -9999 -9999 -9999 -9999 -9999 -9999 -9999 -9999 -9999 -9999 -9999 -9999 -9999 -9999 -9999 -9999 -9999 -9999 -9999 -9999 -9999 -9999 -9999 -9999 -9999 -9999 -9999 -9999 -9999 12.9453 10.03539 9.959981 4.546064 3.575583 2.282505 2.072355 1.504803 1.844385 14.4464 17.11664 16.0123 16.30772 15.38837 6.163235 4.657254 5.637618 5.504498 11.35189 8.93976 11.65119 82.35081 37.1018 64.88101
-9999 -9999 -9999 -9999 -9999 -9999 -9999 -9999 -9999 -9999 -9999 -9999 -9999 -9999 -9999 -9999 -9999 -9999 -9999 -9999 -9999 -9999 -9999 -9999 -9999 -9999 -9999 -9999 -9999 -9999 -9999 -9999 -9999 -9999 -9999 -9999 -9999 -9999 -9999 -9999 -9999 -9999 -9999 -9999 -9999 23.74162 -9999 20.72705 11.0974 9.211681 1.786826 0.8185936 0.9445847 0.8774273 1.097528 1.891567 5.119171 8.271467 9.24577 11.04446 5.30289 4.909999 5.693408 4.437536 2.575954 5.729315 4.512497 19.3501 69.8827 45.9806 37.78579
-9999 -9999 -9999 -9999 -9999 -9999 -9999 -9999 -9999 -9999 -9999 -9999 -9999 -9999 -9999 -9999 -9999 -9999 -9999 -9999 -9999 -9999 -9999 -9999 -9999 -9999 -9999 -9999 -9999 -9999 -9999 -9999 -9999 -9999 -9999 -9999 -9999 -9999 -9999 -9999 -9999 -9999 -9999 -9999 95.4246 -9999 -9999 58.53049 1.034624 1.159433 0.8978673 0.9557838 1.65114 1.286167 1.096506 2.082748 7.712912 7.180377 5.87542 5.99043 5.719287 6.990907 13.9918 28.22688 2.173176 2.617889 24.27845 101.8523 82.38955 55.85782 221.4424
-9999 -9999 -9999 -9999 -9999 -9999 -9999 -9999 -9999 -9999 -9999 -9999 -9999 -9999 -9999 -9999 -9999 -9999 -9999 -9999 -9999 -9999 -9999 -9999 -9999 -9999 -9999 -9999 -9999 -9999 -9999 -9999 -9999 -9999 -9999 -9999 -9999 -9999 -9999 -9999 -9999 -9999 -9999 -9999 10.19181 -9999 8.890888 9.706867 2.004717 0.9052764 1.275683 1.275025 1.859013 1.841612 1.837608 3.732761 18.72833 6.094969 6.198299 6.388361 4.998331 5.400549 4.281578 3.074016 4.324861 4.004111 17.55166 66.81834 97.38486 81.77924 54.60315
-9999 -9999 -9999 -9999 -9999 -9999 -9999 -9999 -9999 -9999 -9999 -9999 -9999 -9999 -9999 -9999 -9999 -9999 -9999 -9999 -9999 -9999 -9999 -9999 -9999 -9999 -9999 -9999 -9999 -9999 -9999 -9999 -9999 -9999 -9999 -9999 -9999 -9999 -9999 -9999 -9999 -9999 -9999 83.42156 -9999 -9999 2.79453 2.572327 1.22932 1.64448 2.33241 10.74428 1.812768 2.039567 4.043899 8.069615 7.7646 4.80245 1.362948 2.087423 4.128323 4.024008 3.591943 3.201623 4.800726 6.517612 45.46067 221.0789 139.9201 63.893 304.8234
-9999 -9999 -9999 -9999 -9999 -9999 -9999 -9999 -9999 -9999 -9999 -9999 -9999 -9999 -9999 -9999 -9999 -9999 -9999 -9999 -9999 -9999 -9999 -9999 -9999 -9999 -9999 -9999 -9999 -9999 -9999 -9999 -9999 -9999 -9999 -9999 -9999 -9999 -9999 -9999 -9999 -9999 -9999 -9999 -9999 -9999 -9999 0.7724836 1.478689 2.656147 3.413065 3.51627 2.443204 2.056494 10.77898 4.989767 6.056259 4.560273 3.103214 1.974245 0.1830987 0.04391452 0.3478484 9.438603 6.172023 6.375381 109.0263 205.6757 129.4661 35.98786 129.4876
-9999 -9999 -9999 -9999 0 62.35609 -9999 -9999 -9999 -9999 -9999 -9999 -9999 -9999 -9999 -9999 -9999 -9999 -9999 -9999 -9999 -9999 -9999 -9999 -9999 -9999 -9999 -9999 -9999 -9999 -9999 -9999 -9999 -9999 -9999 -9999 -9999 -9999 -9999 -9999 -9999 -9999 -9999 -9999 -9999 -9999 -9999 -9999 0.6874182 1.85925 4.836648 4.457379 3.414397 1.995821 3.804047 12.09378 5.647984 4.960113 3.095225 2.743364 0.2215647 -9999 0.503127 5.942004 12.18625 8.54728 26.94131 188.9672 73.50746 20.3464 49.76421
29.23423 14.42828 -9999 -9999 -9999 -9999 -9999 -9999 -9999 -9999 -9999 -9999 -9999 -9999 -9999 -9999 -9999 -9999 -9999 -9999 -9999 -9999 -9999 -9999 -9999 -9999 -9999 -9999 -9999 -9999 -9999 -9999 -9999 -9999 -9999 -9999 -9999 -9999 -9999 -9999 -9999 -9999 -9999 -9999 -9999 -9999 -9999 -9999 -9999 77.43684 7.455036 15.30412 8.326371 323.6253 11.13043 12.62248 27.87118 24.13243 12.67794 15.06239 12.91944 3.08572 0.47089 4.912242 15.64134 9.880052 15.32891 97.67244 30.41495 5.834263 27.64153
18.46608 11.3895 94.92123 -9999 -9999 -9999 -9999 -9999 -9999 -9999 -9999 -9999 -9999 -9999 -9999 -9999 -9999 -9999 -9999 -9999 -9999 -9999 -9999 -9999 -9999 -9999 -9999 -9999 -9999 -9999 -9999 -9999 -9999 -9999 -9999 -9999 -9999 -9999 -9999 -9999 -9999 -9999 -9999 -9999 -9999 -9999 -9999 -9999 -9999 3.713245 39.30944 40.38381 22.04691 19.47343 12.34795 15.09034 35.98104 21.19969 18.80932 23.07617 60.59838 16.43376 10.78679 10.56898 14.85699 10.1862 8.214589 15.9201 7.129968 7.917866 17.37698
