static/data/demographic data in a grid format/gpw_v4_basic_demographic_characteristics_rev11_atotpopft_2010_cntm_1_deg.asc
ncols         360
nrows         180
xllcorner     -180
yllcorner     -90
cellsize      1
NODATA_value  -9999
[rows 0 to 31 of 180, columns 216 to 287 of 360]
-9999 -9999 -9999 -9999 -9999 -9999 -9999 -9999 -9999 -9999 -9999 -9999 -9999 -9999 -9999 -9999 -9999 -9999 -9999 -9999 -9999 -9999 -9999 -9999 -9999 -9999 -9999 -9999 -9999 -9999 -9999 -9999 -9999 -9999 -9999 -9999 -9999 -9999 -9999 -9999 -9999 -9999 -9999 -9999 -9999 -9999 -9999 -9999 -9999 -9999 -9999 -9999 -9999 -9999 -9999 -9999 -9999 -9999 -9999 -9999 -9999 -9999 -9999 -9999 -9999 -9999 -9999 -9999 -9999 -9999 -9999 -9999
-9999 -9999 -9999 -9999 -9999 -9999 -9999 -9999 -9999 -9999 -9999 -9999 -9999 -9999 -9999 -9999 -9999 -9999 -9999 -9999 -9999 -9999 -9999 -9999 -9999 -9999 -9999 -9999 -9999 -9999 -9999 -9999 -9999 -9999 -9999 -9999 -9999 -9999 -9999 -9999 -9999 -9999 -9999 -9999 -9999 -9999 -9999 -9999 -9999 -9999 -9999 -9999 -9999 -9999 -9999 -9999 -9999 -9999 -9999 -9999 -9999 -9999 -9999 -9999 -9999 -9999 -9999 -9999 -9999 -9999 -9999 -9999
-9999 -9999 -9999 -9999 -9999 -9999 -9999 -9999 -9999 -9999 -9999 -9999 -9999 -9999 -9999 -9999 -9999 -9999 -9999 -9999 -9999 -9999 -9999 -9999 -9999 -9999 -9999 -9999 -9999 -9999 -9999 -9999 -9999 -9999 -9999 -9999 -9999 -9999 -9999 -9999 -9999 -9999 -9999 -9999 -9999 -9999 -9999 -9999 -9999 -9999 -9999 -9999 -9999 -9999 -9999 -9999 -9999 -9999 -9999 -9999 -9999 -9999 -9999 -9999 -9999 -9999 -9999 -9999 -9999 -9999 -9999 -9999
-9999 -9999 -9999 -9999 -9999 -9999 -9999 -9999 -9999 -9999 -9999 -9999 -9999 -9999 -9999 -9999 -9999 -9999 -9999 -9999 -9999 -9999 -9999 -9999 -9999 -9999 -9999 -9999 -9999 -9999 -9999 -9999 -9999 -9999 -9999 -9999 -9999 -9999 -9999 -9999 -9999 -9999 -9999 -9999 -9999 -9999 -9999 -9999 -9999 -9999 -9999 -9999 -9999 -9999 -9999 -9999 -9999 -9999 -9999 -9999 -9999 -9999 -9999 -9999 -9999 -9999 -9999 -9999 -9999 -9999 -9999 -9999
-9999 -9999 -9999 -9999 -9999 -9999 -9999 -9999 -9999 -9999 -9999 -9999 -9999 -9999 -9999 -9999 -9999 -9999 -9999 -9999 -9999 -9999 -9999 -9999 -9999 -9999 -9999 -9999 -9999 -9999 -9999 -9999 -9999 -9999 -9999 -9999 -9999 -9999 -9999 -9999 -9999 -9999 -9999 -9999 -9999 -9999 -9999 -9999 -9999 -9999 -9999 -9999 -9999 -9999 -9999 -9999 -9999 -9999 -9999 -9999 -9999 -9999 -9999 -9999 -9999 -9999 -9999 -9999 -9999 -9999 -9999 -9999
-9999 -9999 -9999 -9999 -9999 -9999 -9999 -9999 -9999 -9999 -9999 -9999 -9999 -9999 -9999 -9999 -9999 -9999 -9999 -9999 -9999 -9999 -9999 -9999 -9999 -9999 -9999 -9999 -9999 -9999 -9999 -9999 -9999 -9999 -9999 -9999 -9999 -9999 -9999 -9999 -9999 -9999 -9999 -9999 -9999 -9999 -9999 -9999 -9999 -9999 -9999 -9999 -9999 -9999 -9999 -9999 -9999 -9999 -9999 -9999 -9999 -9999 -9999 -9999 -9999 -9999 -9999 -9999 -9999 -9999 -9999 -9999
-9999 -9999 -9999 -9999 -9999 -9999 -9999 -9999 -9999 -9999 -9999 -9999 -9999 -9999 -9999 -9999 -9999 -9999 -9999 -9999 -9999 -9999 -9999 -9999 -9999 -9999 -9999 -9999 -9999 -9999 -9999 -9999 -9999 -9999 -9999 -9999 -9999 -9999 -9999 -9999 -9999 -9999 -9999 -9999 -9999 -9999 -9999 -9999 -9999 -9999 -9999 -9999 -9999 -9999 -9999 -9999 -9999 -9999 -9999 -9999 -9999 -9999 -9999 -9999 -9999 -9999 -9999 -9999 -9999 -9999 -9999 -9999
-9999 -9999 -9999 -9999 -9999 -9999 -9999 -9999 -9999 -9999 -9999 -9999 -9999 -9999 -9999 -9999 -9999 -9999 -9999 -9999 -9999 -9999 -9999 -9999 -9999 -9999 -9999 -9999 -9999 -9999 -9999 -9999 -9999 -9999 -9999 -9999 -9999 -9999 -9999 -9999 -9999 -9999 -9999 -9999 -9999 -9999 -9999 -9999 -9999 -9999 -9999 -9999 -9999 -9999 -9999 -9999 -9999 -9999 -9999 -9999 -9999 -9999 -9999 -9999 -9999 -9999 -9999 -9999 -9999 -9999 -9999 -9999
-9999 -9999 -9999 -9999 -9999 -9999 -9999 -9999 -9999 -9999 -9999 -9999 -9999 -9999 0.6038512 0.01849211 -9999 -9999 0.4127021 1.009224 1.624438 2.144498 2.344002 1.055683 0.3487164 0.555592 0.3136546 0.3657703 5.357914 1.841936 -9999 -9999 -9999 -9999 -9999 -9999 -9999 -9999 -9999 -9999 -9999 -9999 -9999 -9999 -9999 -9999 -9999 -9999 -9999 -9999 -9999 -9999 -9999 -9999 0.5363705 0.6481511 -9999 0.2665765 3.262738 8.595358 2.954922 -9999 -9999 -9999 -9999 -9999 -9999 -9999 -9999 -9999 -9999 -9999
0.2815558 -9999 -9999 -9999 -9999 -9999 -9999 -9999 0.09070112 0.5944573 0.7178701 6.600827 3.448693 6.156219 4.114505 0.8160264 1.866682 2.613426 3.418183 3.676857 3.84856 5.099987 3.635803 2.685998 1.975363 1.695194 0.4740116 2.109213 1.124468 0.2621008 -9999 -9999 -9999 -9999 -9999 -9999 -9999 -9999 -9999 -9999 -9999 -9999 1.53855 3.010555 -9999 -9999 -9999 -9999 -9999 -9999 -9999 -9999 -9999 -9999 0.000181901 4.266977 10.21732 16.54318 9.64757 11.06114 11.4847 10.04973 1.53913 1.009709 -9999 -9999 -9999 -9999 -9999 -9999 -9999 -9999
-9999 -9999 -9999 -9999 -9999 -9999 -9999 -9999 -9999 -9999 -9999 -9999 -9999 -9999 0.5900977 0.3777515 -9999 -9999 -9999 -9999 -9999 -9999 0.7538239 0.5419175 0.07393669 -9999 -9999 -9999 -9999 -9999 -9999 -9999 -9999 -9999 -9999 -9999 -9999 -9999 -9999 -9999 4.365855 1.836721 -9999 -9999 -9999 -9999 -9999 -9999 -9999 -9999 -9999 -9999 -9999 -9999 0.2824673 9.126556 15.24359 10.41366 23.03095 22.306 31.54354 30.75294 9.884925 18.02726 1.609802 8.808008 15.50998 5.639795 0.5092334 -9999 -9999 -9999
-9999 -9999 -9999 -9999 -9999 -9999 -9999 -9999 -9999 -9999 -9999 -9999 -9999 -9999 -9999 -9999 -9999 -9999 -9999 -9999 -9999 -9999 -9999 -9999 -9999 -9999 -9999 -9999 -9999 -9999 -9999 -9999 -9999 -9999 -9999 -9999 -9999 -9999 -9999 -9999 -9999 -9999 -9999 -9999 -9999 -9999 -9999 -9999 -9999 -9999 -9999 -9999 -9999 -9999 -9999 -9999 -9999 0.3741481 -9999 0.03260677 0.5232803 8.448 2.604414 6.175346 31.62202 27.98166 26.7689 31.08617 23.93373 4.681059 4.397752 4.101222
-9999 -9999 -9999 -9999 -9999 -9999 -9999 -9999 -9999 -9999 -9999 -9999 -9999 -9999 -9999 -9999 -9999 -9999 -9999 -9999 -9999 -9999 -9999 -9999 -9999 -9999 -9999 -9999 -9999 -9999 -9999 0.009387223 -9999 -9999 -9999 -9999 -9999 -9999 -9999 -9999 -9999 -9999 -9999 -9999 -9999 -9999 0.7762061 -9999 -9999 -9999 -9999 -9999 1.22091 3.575407 0.4786699 0.3425262 0.1740235 -9999 -9999 2.283345 4.374503 -9999 -9999 1.273641 0.8811001 8.326641 26.50796 39.1982 40.11767 22.67358 4.259206 2.388535
-9999 -9999 -9999 -9999 -9999 -9999 -9999 -9999 -9999 -9999 -9999 -9999 -9999 -9999 -9999 -9999 -9999 -9999 -9999 -9999 -9999 -9999 0.00276873 0.5729581 4.926153 10.48916 5.663377 4.058121 4.167177 5.119014 20.96771 25.5618 30.83562 0.06177811 -9999 -9999 -9999 -9999 -9999 -9999 -9999 -9999 -9999 -9999 -9999 -9999 -9999 -9999 -9999 -9999 -9999 -9999 0.0876766 0.07991685 -9999 0.1006654 0.1712188 4.440566 12.11561 19.79563 12.83911 6.211043 12.94603 22.12648 30.2889 57.31125 64.07589 65.42776 65.97658 67.6975 62.96062 40.31817
-9999 -9999 -9999 -9999 -9999 -9999 -9999 -9999 -9999 -9999 -9999 -9999 -9999 -9999 -9999 -9999 -9999 -9999 -9999 1.368087 8.488482 13.31575 12.00049 11.38985 14.00523 8.999016 3.657629 9.045588 4.265701 5.167179 0.7220542 -9999 -9999 -9999 -9999 -9999 -9999 -9999 -9999 -9999 -9999 -9999 -9999 -9999 -9999 4.751751 6.196422 0.7008792 -9999 -9999 0.5639257 7.168647 19.4178 34.42113 44.64788 49.07814 57.56043 68.5114 73.41919 71.88102 68.72944 71.6307 72.7448 69.15572 69.88928 73.31875 73.23165 73.28823 69.05203 72.62317 72.38223 72.86166
-9999 -9999 -9999 -9999 -9999 -9999 -9999 -9999 -9999 -9999 -9999 -9999 -9999 -9999 -9999 -9999 -9999 -9999 2.427801 22.96342 35.86545 29.38995 34.14408 25.80502 7.159518 -9999 -9999 -9999 -9999 -9999 -9999 -9999 -9999 -9999 -9999 -9999 -9999 -9999 -9999 -9999 -9999 -9999 -9999 1.763985 -9999 -9999 2.261642 2.768539 2.893961 13.34218 39.28773 72.31695 78.69646 78.2142 77.85564 77.46584 78.10078 78.57981 78.89905 78.46194 78.24393 77.68445 76.36981 68.41206 53.65439 50.80642 67.03707 67.55031 56.23425 68.88935 72.02737 61.67524
-9999 -9999 -9999 -9999 -9999 -9999 -9999 -9999 -9999 -9999 -9999 -9999 -9999 -9999 -9999 -9999 -9999 16.20707 55.22499 65.5278 55.3758 23.38127 0.2857834 -9999 -9999 -9999 -9999 -9999 -9999 -9999 -9999 -9999 -9999 12.42371 520.5319 177.9173 -9999 -9999 88.65947 58.34465 59.69083 -9999 0.3047318 1.909734 19.91687 50.39657 53.62138 54.58004 60.83813 60.22413 66.11769 71.14731 80.51992 81.17168 80.37009 80.85815 80.25677 80.50442 80.60656 81.30224 79.46139 76.81851 77.54361 76.57565 77.63005 71.09068 78.80508 75.5804 78.96573 78.5881 58.98734 42.76886
-9999 -9999 -9999 -9999 -9999 -9999 -9999 -9999 -9999 -9999 -9999 -9999 -9999 -9999 -9999 3.812632 29.94676 76.60834 79.1298 48.87115 2.72526 -9999 -9999 -9999 -9999 -9999 -9999 -9999 -9999 -9999 -9999 -9999 229.6638 1375.906 1344.051 1354.372 850.9688 -9999 193.8266 604.6485 52.84818 411.6517 450.8893 92.56261 17.74147 57.65308 78.13133 85.13858 82.38873 85.34963 84.97145 83.66898 82.11222 84.36021 82.63961 81.91762 84.08491 83.5324 84.06699 81.00919 79.30538 77.0742 75.88673 66.5896 79.06862 80.96995 78.49448 77.59373 75.10081 75.34136 79.70988 82.80771
-9999 -9999 -9999 -9999 -9999 -9999 -9999 -9999 -9999 -9999 -9999 -9999 -9999 -9999 -9999 20.26947 52.57427 65.07938 82.64763 64.68754 8.332844 -9999 -9999 -9999 -9999 -9999 -9999 -9999 -9999 -9999 68.51828 629.8026 1319.414 1663.612 1646.888 1521.01 412.6744 826.6638 1603.511 720.1625 888.1067 1052.635 1321.482 1068.139 215.0019 65.8369 46.27664 63.94692 89.09415 88.47718 89.11929 90.44785 85.03661 85.32107 86.42805 84.42278 84.55692 83.8065 80.58526 76.31052 78.87786 80.90336 80.3499 85.55089 89.5783 88.27441 87.91031 92.80695 93.95844 93.95916 93.67714 93.74415
-9999 -9999 -9999 -9999 -9999 -9999 -9999 -9999 -9999 -9999 -9999 -9999 -9999 -9999 -9999 -9999 0.000113799 7.059728 25.46336 31.38854 30.74129 9.745962 40.5654 72.79778 2.651177 -9999 -9999 -9999 -9999 -9999 106.1446 1205.505 1590.236 1741.262 1528.414 1526.758 969.6103 121.5978 1533.897 1611.696 1608.323 1583.613 1511.101 1364.012 715.8218 87.93249 67.93769 66.33736 93.27683 89.76872 88.30033 86.52522 87.19431 90.78375 94.26159 95.12117 95.15482 93.34718 91.44865 91.59361 92.36635 94.19372 93.88098 95.37306 98.37472 98.25876 98.61279 97.34848 98.7606 98.71844 98.83577 98.80135
135.6836 -9999 -9999 -9999 -9999 -9999 -9999 -9999 -9999 -9999 -9999 -9999 88.53027 121.6603 12.32934 -9999 -9999 -9999 -9999 -9999 -9999 -9999 5.817904 57.55177 135.2477 221.5046 204.1165 176.9758 186.4878 286.3813 132.9477 767.3038 1476.718 1600.259 1474.347 1527.706 894.7249 413.1029 1602.16 1374.719 1499.792 1718.81 1764.378 1091.062 630.2897 603.2615 223.8704 89.65797 88.74966 84.76276 91.61323 43225.66 48309.45 90.59229 94.78545 99.44691 102.2995 102.0859 100.8871 87.89269 76.29973 65.94186 60.80727 56.69297 65.56426 70.32276 79.28957 83.10643 80.99473 81.59608 67.56642 56.42279
615.6946 363.1973 192.0436 564.8782 -9999 -9999 -9999 26.23594 136.4173 142.9071 35.24146 -9999 55.53182 46.49273 73.95335 131.9294 145.0275 163.016 68.7551 156.6442 167.863 167.3994 233.7794 136.2943 205.9053 277.7123 294.1556 343.7762 2844.53 2747.61 1783.605 1195.919 725.1028 1548.018 1609.805 1621.61 1638.372 367.2746 721.8257 1673.54 1618.982 738.3145 1839.039 1865.88 1748.559 1850.29 1207.576 110.3141 103.0518 95.17864 96.10394 2860.571 91.76687 92.57818 91.87309 98.31664 97.35801 83.34517 66.14359 52.0357 51.79548 51.87161 50.77071 51.75922 51.66272 51.11353 47.70436 49.95334 50.49072 51.23586 49.59505 30.04043
562.2845 549.0013 562.0981 924.1555 669.0594 67.00865 -9999 19.51295 257.6043 128.6453 37.81209 37.12973 215.5699 284.5157 296.5191 285.9581 1795.921 10320.55 305.0369 307.4185 298.2094 289.6888 288.6896 292.018 302.0013 707.1762 3608.504 8393.484 11076.63 8200.012 2479.256 1909.903 1836.71 1784.289 1742.866 1633.738 1066.607 125.9844 1256.593 1931.851 1892.793 1380.779 1711.532 1831.38 1767.722 1897.742 639.5741 189.3359 154.4784 199.6888 189.6695 135.5658 150.6218 155.2829 153.8131 82.76647 51.83919 53.30336 53.63839 53.30618 54.34363 54.31624 54.44989 54.19032 53.07581 51.19877 50.21188 52.358 54.3176 54.32257 46.89399 31.9526
577.8116 676.364 696.9603 612.6155 328.8686 142.9161 339.9095 222.6286 366.5339 367.105 274.4079 295.9058 378.2709 446.6333 584.1649 736.8658 727.5173 1555.328 3974.777 4000.065 3934.367 4039.229 3842.376 2944.686 2925.33 3017.767 7105.729 7410.926 4459.394 2067.52 1734.663 1811.617 1791.956 1622.812 1467.908 1054.91 958.7505 1780.893 2086.66 2019.632 2015.48 1870.307 2007.623 2088.716 1960.952 1815.235 1908.803 593.7062 230.0301 227.3253 215.9323 220.188 232.991 156.4563 83.31689 56.46453 56.66704 54.88994 55.14289 55.98494 56.34549 56.77315 56.76572 56.74553 56.47909 55.48726 56.08866 56.07586 55.98127 55.73623 450.1704 581.638
120.4577 235.1566 -9999 349.236 2733.45 2090.388 1246.889 1084.899 852.8337 815.0803 797.5938 746.7605 810.1821 840.4857 850.9924 851.811 915.2527 2550.323 2978.092 4595.477 4836.804 4797.627 5051.808 3741.229 3334.437 5310.532 4648.082 2204.908 1913.952 1435.129 2131.456 2149.277 2153.74 2143.908 2188.886 2157.142 2044.472 2137.634 2165.847 2128.511 2081.155 1921.566 2103.092 2114.903 2124.629 1908.176 2047.026 1975.538 830.8102 251.7875 250.6952 235.9038 232.7272 93.78761 58.75833 57.99149 58.60843 58.47651 58.94635 58.91096 59.10254 59.14858 59.08328 59.02573 58.85154 58.65758 59.2471 58.85896 57.60761 59.33336 663.7982 1237.375
776.7634 2219.016 5175.569 96110.95 220672.3 3805.604 3388.387 2719.399 2263.738 1288.034 1035.693 1088.621 1055.219 1212.876 1396.516 2095.577 10697.96 8035.766 5327.616 6583.156 4476.38 3475.774 3469.698 4982.97 8389.721 8372.237 7623.582 4770.076 4775.042 4234.832 5106.132 2904.815 3821.79 4803.842 3334.072 2176.265 2166.999 2089.462 1962.971 2109.203 2087.795 2115.154 1944.355 2047.771 2151.529 2198.41 2294.615 2326.378 2209.003 1776.605 256.0774 249.1081 265.5069 224.2061 170.8847 127.3086 62.78856 60.79174 61.10162 61.19809 61.2967 61.08113 60.98471 60.88986 60.91791 61.13791 61.24438 61.3523 61.29323 149.2402 706.7171 927.1978
5033.48 3806.815 4360.479 4836.589 6470.543 6142.085 4288.488 3229.325 2789.914 2558.872 2374.117 1749.268 1656.27 1721.666 2487.934 2772.472 11206.16 23239.62 11719.36 6749.863 2535.199 1626.071 1561.352 5851.813 8841.772 8435.445 8755.639 8693.559 7994.375 7270.717 8529.381 8641.717 8553.424 8464.99 7464.514 4689.595 4110.356 3597.103 2757.612 2650.932 2151.204 1955.372 1890.895 2261.155 2715.33 2451.361 2350.77 2376.151 2396.647 1209.142 269.5709 256.9214 274.8091 274.2188 275.0321 242.0079 74.24532 63.81622 63.85753 63.40219 62.85381 63.04546 63.32595 63.56819 63.67344 63.74969 63.6665 63.3821 63.26271 63.06324 70.53118 79.43643
5231.376 5378.196 5476.024 5866.778 15649.79 10233.97 4037.538 3811.382 3077.355 2607.745 2798.444 2591.387 3091.981 9528.85 6840.943 3041.534 3018.294 8052.865 9905.27 2289.112 1048.376 1054.384 1053.828 5369.458 9127.04 9093.918 9157.55 9147.729 8885.499 8236.263 8397.844 8987.203 9001.598 8123.587 7379.455 6706.76 6194.179 6970.082 6911.042 7514.817 7369.629 6091.169 5374.728 6468.2 8362.906 7884.51 7105.545 5574.235 3051.071 525.692 283.7017 284.7173 276.624 279.9239 211.7712 94.98823 65.74466 66.01637 65.97438 66.06046 66.06332 65.99846 66.01779 66.04274 65.89066 65.8574 65.99219 66.09771 66.10582 65.9342 75.51834 83.8316
4822.38 6210.955 5668.191 7471.059 10998.36 14937.91 12404.24 8713.534 7339.009 7645.977 46308.62 29050.78 5491.267 9561.434 138979.5 6190.4 3202.417 3332.868 3147.537 3142.333 2484.178 2436.312 2622.451 3882.477 5365.432 6024.528 8072.772 9465.062 9458.354 9365.293 9354.684 8059.36 8815.727 8396.346 8724.884 7586.673 8021.423 7599.702 8245.551 8540.957 8686.646 9233.136 9299.858 8229.513 8929.396 8981.504 8932.195 8937.264 8337.651 3837.542 492.2325 475.8207 437.9207 280.0318 245.5049 71.04601 153.5876 159.9664 148.3467 79.8719 67.71096 67.90438 67.97551 67.9584 67.86038 68.12577 68.20615 68.24455 69.53273 78.87075 86.65782 86.35217
7980.038 6558.104 8786.218 10467.78 10799.4 9981.93 11245.06 8534.505 6692.813 16943.32 19691.13 12431.69 7977.963 5460.962 3903.719 3704.345 10135.4 10974.33 10987.23 5313.88 4439.198 4593.749 4696.313 23095.17 15511.22 7156.304 2626.848 8108.204 9262.483 8448.675 9055.654 9067.812 8688.487 7974.802 9652.076 9523.825 9542.963 9510.193 9661.696 9607.327 8503.1 24929.16 2684.205 3380.998 3186.549 4035.843 3212.638 1180.956 1399.949 828.1561 832.8615 831.9651 829.7946 765.9773 697.0363 643.3766 741.6331 767.5474 763.7053 218.0859 70.37151 70.03452 70.24383 213.0962 71.06155 70.14977 70.15902 70.43098 75.63676 87.05228 89.59284 88.91737
12601.06 168494.9 41330.5 186461 34016.96 16506.96 10041 6758.317 7879.326 9744.116 9823.659 8203.112 10548.85 14493.87 7001.063 9200.462 13839.16 11258.05 12110.3 11652.03 145025.6 20961.76 22449.73 17561.51 68307.86 27238.45 1907.988 1963.932 6702.227 8776.489 8984.604 7788.974 5451.648 1975.992 2350.895 3684.957 7637.583 9992.611 10028.31 9104.26 3983.667 911.3426 910.7269 856.6482 795.6425 841.2722 999.7414 2347.376 1417.031 1273.786 1280.005 1110.514 942.4059 857.9664 844.4241 816.3978 793.7111 789.3173 1384.64 1885.899 1693.719 2021.239 2359.15 2786.455 1885.247 1590.158 937.6799 227.291 73.44015 88.87932 92.21661 92.25129
19351.56 19555.09 14486.8 34001.9 27602.76 35139.46 20948.8 11580.37 19002.22 29320.35 12579.64 12718.86 35798.67 312095.4 73623.5 23138.43 80238.05 25713.27 35317.02 72778.85 114049.9 71856.59 38047.38 102436.4 47398.3 20096.62 12180.15 7906.261 5171.178 15634.98 7394.405 4847.131 56822.42 2674.869 3427.338 2175.393 1469.979 3345.633 6220.379 3370.757 870.7842 920.2755 970.4634 1007.675 1345.102 4166.666 6805.464 7986.458 1772.117 1456.874 2381.406 2076.644 1008.355 884.3055 885.8499 879.3667 44476.62 3793.338 2933.432 3004.066 3057.18 3060.349 2885.517 2441.825 2209.105 2084.714 26297.27 1739.26 1003.01 216.0007 877.2504 933.8992
